p cnf 10 40 20 2
1 2 3 4 5 6 7 8 9 1 2 3 4 5 6 7 8 9 1 2
1 3 5 7 9 2 4 6 8 1 3 5 7 9 2 4 6 8 5 6
 5 -4 1 0
 3 -6 -1 0
 3 1 2 0
 -4 3 7 0
 2 -3 -10 0
 9 -1 -7 0
 -4 8 -3 0
 -10 -5 1 0
 6 8 -9 0
 -1 -7 -6 0
 -2 10 -7 0
 -4 8 -7 0
 4 -1 5 0
 -8 9 -10 0
 -3 2 -4 0
 1 -6 9 0
 6 7 3 0
 -1 -8 -6 0
 -7 8 2 0
 5 10 7 0
 2 10 6 0
 3 -5 -6 0
 -6 -4 -5 0
 9 2 1 0
 -2 1 -8 0
 6 2 10 0
 4 -2 -6 0
 7 -4 -5 0
 4 1 -5 0
 6 -3 -1 0
 -9 -1 -8 0
 4 2 1 0
 -5 2 4 0
 -8 6 -7 0
 -6 3 -5 0
 2 7 -4 0
 -7 1 5 0
 3 -5 10 0
 -4 -1 8 0
 -9 -2 -4 0
 -7 5 2 0
 -7 8 -4 0
 6 -3 2 0
 -3 7 1 0
 1 4 -6 0
 -6 5 10 0
 -5 -3 7 0
 -9 2 -7 0
 9 8 6 0
 -2 -9 1 0
 5 -9 1 0
 7 6 -4 0
 -6 5 -4 0
 10 9 1 0
 6 -7 -4 0
 -1 -5 -2 0
 -3 -5 -7 0
 7 -1 -4 0
 2 7 -10 0
 -10 -2 5 0
