p cnf 100 400 200 2
5 4 4 1 1 4 3 2 4 6 3 7 9 4 4 1 7 8 6 0 4 6 6 9 0 1 3 0 9 1 6 2 1 7 9 1 0 4 2 6 1 1 2 4 7 5 9 3 5 2 1 0 7 3 2 4 0 1 4 3 8 5 4 1 9 4 4 6 9 7 8 2 8 5 2 8 0 3 3 2 7 4 2 6 8 0 8 5 6 7 8 7 9 1 0 1 7 5 0 1 5 0 2 1 0 1 0 4 9 6 9 9 1 1 8 5 8 7 3 0 4 2 8 3 5 5 5 3 6 8 0 0 0 6 0 2 4 4 9 2 9 5 3 2 6 5 2 3 2 9 3 4 4 6 4 1 0 6 3 9 4 6 4 0 3 4 1 5 7 4 6 8 9 2 0 0 0 0 8 4 1 9 9 3 2 3 2 0 7 8 3 0 5 9 3 8 0 8 3 0
7 4 2 7 1 1 6 9 0 2 3 2 7 4 2 4 4 4 0 5 2 9 4 2 2 0 2 5 4 7 4 7 3 0 1 0 6 0 1 0 0 3 7 4 8 0 5 0 6 2 9 1 7 5 8 0 4 3 6 2 6 0 2 3 5 5 8 9 9 5 8 1 9 5 6 4 3 3 2 9 2 6 8 0 0 6 1 4 4 3 9 0 6 0 9 0 7 3 9 5 1 5 5 7 0 9 9 8 0 4 5 9 7 3 0 3 6 5 3 9 9 8 5 4 8 5 8 4 9 0 8 6 1 9 2 8 7 4 7 2 2 0 7 1 0 5 0 3 0 1 0 3 4 1 8 4 9 0 9 7 8 0 1 4 5 1 3 5 4 8 3 7 2 7 7 2 1 2 6 1 6 7 1 8 0 5 1 1 5 4 3 5 0 4 5 8 6 9 1 3
 -98 -18 92 0
 91 -4 84 0
 3 76 100 0
 -46 96 11 0
 -87 90 44 0
 91 5 87 0
 77 72 81 0
 45 -84 65 0
 -67 -91 38 0
 -17 -41 69 0
 7 5 79 0
 -100 49 96 0
 73 -2 50 0
 59 -48 56 0
 -44 46 81 0
 37 -84 21 0
 -83 87 73 0
 85 -63 -71 0
 -98 88 -62 0
 18 35 -17 0
 -35 47 29 0
 -49 -45 63 0
 -28 58 -10 0
 39 -49 -1 0
 -93 -44 78 0
 -77 88 83 0
 -45 -34 -14 0
 75 -51 43 0
 -56 72 81 0
 -17 -83 -30 0
 -98 -8 -24 0
 48 36 -54 0
 -3 -67 2 0
 11 82 42 0
 51 -91 64 0
 43 -82 -55 0
 -6 -58 -40 0
 -45 53 -91 0
 -35 -70 -24 0
 -79 58 29 0
 87 9 20 0
 -4 66 -58 0
 81 -49 -16 0
 -91 -70 -65 0
 64 -18 -40 0
 23 89 14 0
 -45 97 -35 0
 -38 -61 -29 0
 -39 -70 4 0
 -57 14 49 0
 -18 -63 -64 0
 -38 -35 -29 0
 36 -62 23 0
 79 -21 5 0
 -99 48 37 0
 67 93 6 0
 9 -67 -47 0
 82 56 25 0
 -16 70 10 0
 6 -82 25 0
 52 23 -82 0
 -73 48 100 0
 -78 87 76 0
 2 -72 89 0
 -36 61 3 0
 5 89 83 0
 23 -40 16 0
 -78 34 61 0
 -22 69 -89 0
 -8 -34 13 0
 -6 -34 -40 0
 -69 -34 42 0
 65 72 -43 0
 -2 53 33 0
 17 -67 48 0
 18 -11 -68 0
 -83 -65 78 0
 -47 -30 -36 0
 -49 86 64 0
 -35 6 -28 0
 -35 -61 -56 0
 65 82 64 0
 45 20 73 0
 -25 -27 66 0
 -60 -86 38 0
 61 -5 31 0
 31 -39 -56 0
 -29 32 95 0
 62 90 84 0
 4 99 -73 0
 63 4 18 0
 49 99 -8 0
 32 -10 80 0
 33 -36 -16 0
 35 69 -30 0
 -1 19 86 0
 51 2 76 0
 18 57 -60 0
 -20 51 -83 0
 56 80 30 0
 53 95 87 0
 -85 -41 -54 0
 77 18 -99 0
 -28 -17 35 0
 1 -35 79 0
 2 86 12 0
 -43 69 -6 0
 22 -73 -58 0
 99 19 -22 0
 -18 11 -49 0
 51 -66 -19 0
 58 -63 -99 0
 3 49 -96 0
 68 -57 82 0
 -18 -97 -53 0
 84 -23 70 0
 -31 77 28 0
 -59 -15 85 0
 60 4 -74 0
 -61 37 -76 0
 68 -15 10 0
 5 82 83 0
 53 -17 -95 0
 2 -6 75 0
 18 89 -16 0
 85 -84 37 0
 73 -27 72 0
 77 -85 12 0
 -10 -66 79 0
 38 81 -20 0
 -44 -70 -68 0
 93 -89 21 0
 -12 -70 -80 0
 -95 17 30 0
 90 54 -39 0
 -18 -44 -4 0
 -99 -11 -82 0
 -18 -67 -60 0
 64 -94 -81 0
 -30 -3 -99 0
 22 -33 51 0
 78 40 -65 0
 91 75 -28 0
 11 80 30 0
 66 85 78 0
 67 -84 -15 0
 55 43 35 0
 -71 21 -4 0
 54 40 -55 0
 73 -4 2 0
 -98 52 27 0
 -30 -49 -9 0
 46 -65 -35 0
 -19 40 52 0
 -81 -63 -85 0
 -81 -41 -89 0
 54 53 -43 0
 86 -70 22 0
 -44 -74 37 0
 -39 71 -51 0
 2 59 54 0
 16 95 -29 0
 -13 89 -18 0
 -22 -85 71 0
 4 -99 27 0
 26 67 48 0
 41 52 -18 0
 39 -34 50 0
 38 -26 -77 0
 39 -37 9 0
 -25 -12 22 0
 60 23 -38 0
 79 -17 43 0
 51 86 -37 0
 -72 37 10 0
 -21 -75 56 0
 23 -3 12 0
 35 48 -7 0
 34 23 52 0
 -92 55 -96 0
 71 23 7 0
 85 69 -31 0
 97 70 -48 0
 70 15 27 0
 -99 -58 -49 0
 -79 -99 -97 0
 -42 65 -57 0
 -15 -38 -40 0
 -30 -70 46 0
 53 48 75 0
 32 27 -99 0
 -28 -38 10 0
 -87 -73 -31 0
 32 58 -38 0
 -18 66 -27 0
 -34 62 -72 0
 -35 42 -33 0
 77 -6 -5 0
 7 -34 36 0
 40 -79 68 0
 -77 -57 -84 0
 48 45 -24 0
 -88 -15 42 0
 -73 -74 -78 0
 7 80 -82 0
 13 97 -92 0
 99 87 96 0
 34 -96 -92 0
 65 -58 -28 0
 41 7 -22 0
 -74 -88 -35 0
 -41 -21 -3 0
 -40 -70 -51 0
 -8 -60 87 0
 70 5 -16 0
 51 82 74 0
 -46 -11 10 0
 73 -78 100 0
 -73 -42 66 0
 -60 -72 87 0
 75 -10 -99 0
 3 9 -22 0
 73 95 57 0
 70 -45 -60 0
 -60 -80 96 0
 66 75 -48 0
 96 -12 45 0
 -52 -30 -59 0
 -65 26 94 0
 -60 9 7 0
 -21 -50 16 0
 -47 -69 74 0
 -84 40 -8 0
 -98 62 -51 0
 -93 -40 51 0
 -78 75 73 0
 61 72 -52 0
 21 -93 -3 0
 -71 11 36 0
 -92 -8 56 0
 38 -86 -72 0
 16 -69 -7 0
 -83 10 92 0
 90 -67 55 0
 -72 -5 -24 0
 16 52 -59 0
 -80 83 -46 0
 87 90 66 0
 21 -70 32 0
 94 -97 -96 0
 -33 6 -52 0
 -65 -92 81 0
 -4 -63 1 0
 -88 -50 -13 0
 25 58 -94 0
 56 -63 -97 0
 9 96 76 0
 17 87 -31 0
 85 100 96 0
 98 59 -3 0
 31 40 20 0
 2 39 91 0
 90 -88 37 0
 41 -62 -94 0
 11 -29 39 0
 58 44 36 0
 -36 82 -50 0
 64 78 9 0
 30 9 -36 0
 -72 -56 -60 0
 -88 16 -69 0
 -17 58 -53 0
 17 5 36 0
 -39 -81 -14 0
 -88 -80 -9 0
 65 -18 -85 0
 -5 -10 -40 0
 43 34 38 0
 -36 -10 -67 0
 94 -89 -71 0
 81 54 -13 0
 -1 -21 91 0
 -89 91 -37 0
 96 -39 93 0
 55 -99 -97 0
 -62 5 21 0
 -41 89 45 0
 50 100 -77 0
 -18 69 46 0
 71 -50 -41 0
 -7 15 -97 0
 -100 20 -86 0
 -50 90 -70 0
 -13 -8 53 0
 -89 72 -24 0
 -58 -2 34 0
 61 -82 22 0
 -24 -7 88 0
 25 81 57 0
 24 91 46 0
 27 42 -30 0
 -5 -56 -76 0
 87 -44 -43 0
 66 -78 -48 0
 -35 72 -17 0
 -62 57 -68 0
 31 19 40 0
 10 13 -49 0
 42 -19 -1 0
 7 30 -90 0
 23 45 -15 0
 -16 -88 84 0
 -91 46 20 0
 21 -64 -38 0
 -31 67 -68 0
 14 -94 -83 0
 -13 -67 65 0
 32 -13 92 0
 -65 -95 -66 0
 62 -87 -23 0
 -74 -57 -5 0
 -43 -68 82 0
 83 22 -9 0
 33 -43 -19 0
 -95 -43 32 0
 56 44 -54 0
 -39 25 97 0
 -79 92 72 0
 -52 -15 88 0
 25 11 13 0
 -43 69 11 0
 37 -7 -12 0
 25 67 -78 0
 -45 61 14 0
 1 -39 74 0
 -28 -68 90 0
 -96 -49 -22 0
 -49 35 7 0
 14 -73 29 0
 34 70 13 0
 -30 41 29 0
 -14 -83 -53 0
 77 25 56 0
 -5 2 -72 0
 -97 -8 48 0
 -79 15 -67 0
 -49 100 73 0
 -1 -80 26 0
 68 -96 84 0
 -87 89 -68 0
 62 -34 54 0
 -24 4 -11 0
 -51 39 34 0
 -53 29 11 0
 -59 -79 69 0
 -39 -25 95 0
 -3 -22 -55 0
 -49 -99 -62 0
 -5 -75 17 0
 -10 -23 -64 0
 -40 70 21 0
 75 -27 -35 0
 -19 -81 7 0
 -96 -24 93 0
 29 -56 -67 0
 -14 -56 52 0
 -97 65 -57 0
 -19 -94 75 0
 1 -22 -94 0
 44 -52 22 0
 -33 -81 100 0
 -17 64 -40 0
 31 -50 -25 0
 -83 78 31 0
 67 -69 -38 0
 -11 -1 51 0
 37 33 -65 0
 -81 -21 48 0
 -86 33 -34 0
 -52 -47 89 0
 1 72 -50 0
 45 75 12 0
 -10 6 -30 0
 86 -26 41 0
 40 -45 -4 0
 60 -45 49 0
 38 40 -41 0
 -6 -43 83 0
 -15 4 -54 0
 73 28 78 0
 -95 -72 -57 0
 -81 -85 -68 0
 -74 72 -62 0
 80 -96 -30 0
 -46 -84 50 0
 44 9 -75 0
 -23 17 56 0
 79 -26 95 0
 18 -96 -78 0
 -60 -68 -4 0
 23 -43 -32 0
 -94 -27 -95 0
 -45 -72 6 0
 43 -69 100 0
 54 86 -67 0
 -42 -86 -67 0
 18 -52 -80 0
 77 -3 -27 0
 31 7 45 0
 30 69 78 0
 79 -83 48 0
 71 74 -2 0
 18 -44 69 0
 66 89 -39 0
 10 -19 48 0
 -71 -72 -80 0
 87 91 -12 0
 56 6 -59 0
 84 -3 6 0
 63 75 52 0
 -59 84 -41 0
 75 51 64 0
 -61 96 21 0
 -73 -69 17 0
 66 94 85 0
 89 -75 -1 0
 56 5 79 0
 82 -10 31 0
 -51 -52 -10 0
 -17 28 97 0
 69 86 20 0
 25 36 -9 0
 -15 -8 -95 0
 -73 -17 -89 0
 54 3 -83 0
 -72 61 -34 0
 93 -50 66 0
 22 -48 -59 0
 90 19 -33 0
 4 5 -55 0
 6 58 39 0
 16 54 -23 0
 -10 72 2 0
 4 64 24 0
 -56 -20 -34 0
 -84 49 -77 0
 61 69 24 0
 -21 -24 -81 0
 64 9 -11 0
 25 -19 -32 0
 83 14 84 0
 -10 -98 33 0
 -34 -44 -32 0
 85 -82 -39 0
 93 -21 -9 0
 25 89 32 0
 -25 -56 -31 0
 -42 49 13 0
 52 3 -86 0
 -85 -27 40 0
 86 -64 -38 0
 -16 12 93 0
 -26 55 40 0
 -63 52 -23 0
 50 -33 -84 0
 17 -34 -36 0
 -8 81 -92 0
 37 82 36 0
 17 -22 73 0
 69 -71 23 0
 16 77 -13 0
 -87 -65 -27 0
 62 34 37 0
 24 15 25 0
 24 72 -90 0
 -53 -60 11 0
 14 6 -80 0
 43 88 -47 0
 95 46 94 0
 30 45 -69 0
 7 -3 -96 0
 -8 -32 -24 0
 37 -82 81 0
 30 71 57 0
 -29 22 -2 0
 20 61 90 0
 1 -64 -76 0
 96 -46 27 0
 -9 84 18 0
 52 94 77 0
 98 -23 -81 0
 -31 92 -100 0
 -13 53 52 0
 -62 -86 42 0
 69 89 82 0
 43 -94 -29 0
 -95 79 -98 0
 -76 -12 75 0
 37 62 69 0
 -67 41 -53 0
 59 63 -71 0
 19 63 -58 0
 59 75 29 0
 96 40 -8 0
 -75 -40 -20 0
 57 92 -52 0
 41 -19 98 0
 -5 72 -58 0
 60 45 -73 0
 -91 -22 -87 0
 -93 -76 -43 0
 33 -28 16 0
 62 -35 -83 0
 59 -25 81 0
 59 39 -9 0
 1 82 -69 0
 20 -8 -40 0
 25 -12 -95 0
 66 -46 74 0
 26 -16 -100 0
 -15 -61 -42 0
 -98 26 -47 0
 -38 -84 46 0
 47 -75 82 0
 -75 -51 -48 0
 25 100 37 0
 71 18 -8 0
 -10 -78 -56 0
 53 -51 -93 0
 -42 -53 -9 0
 44 -15 4 0
 -100 -14 -45 0
 74 16 -47 0
 -19 -98 -32 0
 47 -10 59 0
 99 21 64 0
 -95 -74 75 0
 -54 -19 61 0
 22 -80 44 0
 48 85 -94 0
 -62 -90 -13 0
 -7 31 -64 0
 55 68 -73 0
 -26 53 -76 0
 98 25 -59 0
 16 -7 51 0
 -72 10 70 0
 -74 96 -31 0
 -77 53 -72 0
 29 55 -71 0
 -74 73 -35 0
 -60 88 21 0
 50 38 -42 0
 29 -70 -6 0
 -64 -98 34 0
 32 -10 83 0
 -74 -55 78 0
 41 81 -75 0
 -26 -33 41 0
 19 -5 36 0
 -67 -25 43 0
 37 81 -57 0
 60 72 59 0
 15 22 -31 0
 25 -73 46 0
 -91 -86 23 0
 78 47 27 0
 -61 -49 35 0
 -3 -22 -56 0
 28 83 13 0
 -7 100 -2 0
 -91 95 -36 0
 -61 44 -57 0
 73 -12 64 0
 -99 -76 39 0
 89 -62 -45 0
 77 -94 -88 0
 -79 45 83 0
 -9 67 22 0
 -86 -87 -83 0
 1 22 -13 0
 -87 49 -35 0
 57 -90 26 0
 -87 79 2 0
 -30 14 -46 0
 67 -54 8 0
 69 88 -10 0
 -99 -7 -60 0
 -83 48 -99 0
 87 -11 -4 0
 7 -21 -17 0
 -44 -61 78 0
 -65 -72 -41 0
 3 -63 98 0
 15 53 45 0
 93 70 60 0
 16 -41 -89 0
 2 72 76 0
 90 -50 22 0
 60 28 -29 0
