p cnf 100 400 200 2
4 8 9 1 1 6 8 0 9 4 6 7 6 3 2 6 7 6 4 0 8 9 8 6 6 1 8 5 7 1 1 1 8 0 6 1 5 3 8 2 9 2 9 8 9 3 8 3 7 6 0 8 6 0 5 8 3 1 9 9 8 1 6 9 4 3 6 8 3 1 0 9 8 4 0 6 5 3 9 3 2 7 1 1 3 4 7 4 7 0 7 8 5 9 5 2 3 2 1 8 3 3 2 4 3 7 7 8 1 0 4 3 8 1 4 3 4 4 8 8 1 6 7 0 9 5 8 9 5 5 7 3 2 6 3 5 0 1 5 9 0 7 0 3 0 7 0 4 1 7 9 4 0 2 2 6 7 4 0 2 1 9 3 6 0 1 3 3 2 6 6 6 2 3 5 6 6 6 4 0 1 8 2 6 1 8 9 5 4 3 6 2 5 2 7 9 0 4 0 0
7 1 0 5 8 9 3 8 8 5 1 6 0 8 1 0 8 8 9 4 3 5 3 7 2 6 1 8 7 8 1 7 9 0 9 1 5 2 9 7 0 3 5 6 5 9 8 6 8 0 2 8 1 1 2 7 9 5 7 2 7 6 7 8 2 5 8 9 8 0 8 0 1 8 1 9 9 9 3 1 6 0 0 7 8 3 8 7 6 3 2 6 8 3 8 5 0 0 2 7 0 8 8 5 3 9 3 3 4 3 7 3 1 7 8 2 2 4 9 6 7 7 0 5 8 2 4 4 8 2 9 8 9 0 8 7 1 8 5 1 5 9 1 4 4 1 3 8 2 3 6 3 9 0 1 0 6 6 9 0 5 9 5 3 8 4 9 0 7 5 7 7 9 3 7 3 3 2 5 3 3 2 9 4 8 3 4 6 0 1 7 0 0 8 0 3 6 1 7 5
 -84 42 -36 0
 -2 40 19 0
 70 43 -85 0
 -8 94 2 0
 -62 95 -90 0
 -1 -74 59 0
 63 33 20 0
 -9 19 -31 0
 -84 69 65 0
 78 2 -97 0
 17 -19 -87 0
 -62 89 23 0
 -37 -38 26 0
 51 41 97 0
 -11 -78 -60 0
 -64 -46 -21 0
 -97 27 52 0
 -83 68 62 0
 -49 -24 -45 0
 -62 -58 79 0
 -6 34 -84 0
 -29 83 87 0
 -41 -20 -56 0
 61 -24 81 0
 21 -51 6 0
 -19 -80 -3 0
 -33 30 6 0
 -46 37 -52 0
 10 65 15 0
 75 -33 -20 0
 48 12 82 0
 -3 -24 -46 0
 73 31 11 0
 -50 8 10 0
 89 -36 46 0
 -21 -43 17 0
 58 10 -48 0
 -77 59 90 0
 -30 -29 -87 0
 10 16 -13 0
 -17 25 -89 0
 -8 -56 -19 0
 -87 -25 27 0
 -58 28 -30 0
 99 48 -93 0
 -52 -62 74 0
 -77 75 57 0
 -27 -21 -47 0
 -76 40 -84 0
 -50 -100 -4 0
 -30 81 75 0
 98 -13 -11 0
 27 -63 30 0
 -42 10 -57 0
 -1 -23 71 0
 -28 -55 40 0
 25 58 -4 0
 48 -50 -8 0
 92 -51 -96 0
 -96 26 20 0
 -13 -74 98 0
 26 -59 -8 0
 -82 83 -70 0
 70 -11 -67 0
 -45 -14 7 0
 28 -50 -21 0
 63 76 -75 0
 -58 -37 87 0
 -34 -93 25 0
 -79 52 -86 0
 88 -65 67 0
 55 1 -3 0
 67 22 -93 0
 -45 -46 -38 0
 52 -67 12 0
 57 5 -47 0
 -32 78 57 0
 69 14 5 0
 48 41 55 0
 -41 -14 87 0
 -53 -90 24 0
 -4 -50 83 0
 -66 45 75 0
 30 92 -46 0
 -42 -31 89 0
 44 -66 21 0
 65 5 -56 0
 75 -37 91 0
 -25 38 -80 0
 -28 -29 58 0
 -27 94 -25 0
 9 96 -36 0
 63 -32 -72 0
 35 31 -68 0
 18 -8 24 0
 64 -38 72 0
 -97 -24 56 0
 -48 -81 9 0
 -89 -57 39 0
 -79 83 -72 0
 -14 81 51 0
 -42 56 -16 0
 39 86 16 0
 30 -82 43 0
 6 -22 16 0
 24 42 -52 0
 76 27 66 0
 -39 -5 -62 0
 -18 95 -75 0
 95 84 36 0
 68 36 -79 0
 -17 20 100 0
 -45 -73 -88 0
 -95 -37 71 0
 37 -48 31 0
 39 28 -42 0
 50 -23 73 0
 26 71 -21 0
 69 -36 81 0
 -85 44 65 0
 -11 31 48 0
 -43 -25 -17 0
 -79 -64 -45 0
 -28 -59 51 0
 3 67 -29 0
 58 24 -55 0
 39 95 99 0
 82 44 72 0
 -97 -39 -59 0
 -100 50 -72 0
 -66 -63 39 0
 98 84 56 0
 80 16 -60 0
 48 44 -57 0
 -100 24 -57 0
 64 -98 57 0
 93 7 -70 0
 64 36 -43 0
 -26 40 -21 0
 -90 -70 100 0
 92 -88 -34 0
 -68 -72 -24 0
 -85 -88 58 0
 -46 -34 49 0
 -73 -19 -27 0
 66 -77 -56 0
 -67 97 -90 0
 14 1 52 0
 17 74 10 0
 -5 54 -6 0
 38 -46 -17 0
 -29 57 -88 0
 -39 91 -33 0
 19 88 -73 0
 95 -96 -75 0
 81 64 29 0
 50 89 -75 0
 12 -54 10 0
 -46 23 -93 0
 -20 -35 45 0
 -52 -6 -5 0
 34 -25 -24 0
 60 77 -23 0
 -8 6 18 0
 -37 43 85 0
 41 -73 -98 0
 -55 -51 49 0
 49 -74 -4 0
 93 -48 28 0
 36 6 52 0
 -19 -46 35 0
 59 -85 -63 0
 -83 29 50 0
 -58 34 -60 0
 -18 -78 52 0
 -58 -9 -64 0
 21 1 70 0
 40 59 -65 0
 2 17 19 0
 82 -97 -94 0
 100 -77 13 0
 4 36 67 0
 -82 94 17 0
 -84 7 -24 0
 -53 -31 -6 0
 68 -2 -71 0
 -19 37 45 0
 -2 97 -57 0
 31 -22 83 0
 12 -90 -23 0
 16 19 59 0
 -2 -84 -21 0
 -75 69 -99 0
 38 -73 -57 0
 7 -83 15 0
 76 -16 -63 0
 -88 63 -47 0
 -55 95 -87 0
 45 -11 -100 0
 57 -16 65 0
 86 92 -71 0
 -24 -54 70 0
 24 -68 71 0
 -67 -3 30 0
 -15 -81 -10 0
 -45 38 70 0
 -88 -69 29 0
 -71 66 49 0
 -91 -86 -76 0
 58 -45 81 0
 -3 -74 97 0
 90 16 -34 0
 -4 -68 55 0
 -65 23 -69 0
 -41 -74 -18 0
 -73 -92 -60 0
 -79 -23 -5 0
 -46 -60 -53 0
 -93 -7 56 0
 47 26 66 0
 31 -51 35 0
 66 28 37 0
 -66 27 -85 0
 -35 -55 75 0
 -4 23 -32 0
 -63 44 -77 0
 -83 2 -74 0
 6 97 -31 0
 45 19 -30 0
 -51 -19 58 0
 91 -95 26 0
 2 28 63 0
 -80 -16 -92 0
 -16 1 32 0
 77 -2 82 0
 78 -74 60 0
 35 33 31 0
 4 -18 79 0
 20 40 -54 0
 81 91 82 0
 89 55 39 0
 -30 68 63 0
 75 42 -45 0
 -78 13 90 0
 32 71 33 0
 -83 8 35 0
 -100 39 76 0
 -6 80 -97 0
 80 -78 75 0
 -8 -96 -53 0
 -93 11 -84 0
 -29 -32 76 0
 -17 26 55 0
 82 69 34 0
 -83 56 41 0
 -57 32 -40 0
 22 81 42 0
 -87 19 94 0
 92 8 -2 0
 -57 -87 28 0
 5 45 68 0
 -37 70 3 0
 -38 6 60 0
 -77 74 42 0
 83 47 94 0
 -83 17 21 0
 4 29 100 0
 -49 16 75 0
 -63 -16 42 0
 -78 -35 73 0
 95 79 10 0
 -67 -49 -70 0
 20 -58 50 0
 -20 49 86 0
 -54 32 93 0
 -63 -3 -98 0
 6 3 91 0
 -48 53 45 0
 81 -59 -9 0
 8 64 27 0
 97 21 49 0
 -57 -97 -46 0
 -83 -52 91 0
 -82 54 -70 0
 -39 -2 11 0
 55 32 -63 0
 -79 -64 -75 0
 -87 -24 22 0
 28 36 -74 0
 49 63 89 0
 82 57 -72 0
 100 94 -64 0
 -40 9 3 0
 69 42 -19 0
 72 -10 -48 0
 -78 -30 68 0
 -96 -8 -57 0
 -67 68 -90 0
 -42 -57 88 0
 9 76 17 0
 71 39 60 0
 -6 66 83 0
 93 -84 46 0
 -35 93 -8 0
 -31 11 69 0
 -7 -19 23 0
 4 -99 75 0
 6 63 15 0
 -18 -25 -90 0
 -13 41 -40 0
 9 -6 -44 0
 8 25 -56 0
 -19 6 -43 0
 75 45 -98 0
 33 51 -30 0
 11 -7 81 0
 -19 -61 -10 0
 87 29 -93 0
 18 -35 59 0
 81 -55 54 0
 90 99 40 0
 65 53 26 0
 -11 79 22 0
 73 94 20 0
 73 -46 60 0
 -67 17 -69 0
 -88 -6 30 0
 85 81 78 0
 -98 25 -8 0
 -3 88 -46 0
 26 -78 91 0
 37 75 -51 0
 -5 29 6 0
 -98 57 14 0
 47 42 -53 0
 55 80 29 0
 83 -4 -26 0
 -60 26 57 0
 -85 9 -30 0
 -19 -74 48 0
 90 59 38 0
 -77 94 -86 0
 -81 47 -56 0
 9 71 -46 0
 -48 -49 89 0
 -56 32 -61 0
 100 63 -75 0
 -41 -16 40 0
 -81 38 -74 0
 13 -75 26 0
 -80 -100 -28 0
 -11 45 -44 0
 -91 84 -68 0
 43 -50 41 0
 -79 -24 -99 0
 35 46 -37 0
 -77 -62 71 0
 -64 -93 44 0
 60 28 89 0
 93 51 60 0
 23 -3 64 0
 99 -3 96 0
 100 58 79 0
 -9 80 -72 0
 82 -85 -33 0
 56 -87 -83 0
 41 63 60 0
 -44 -25 -71 0
 -21 -74 72 0
 -43 -90 61 0
 88 -54 -15 0
 3 -29 -61 0
 30 -50 57 0
 52 -93 90 0
 86 -66 97 0
 -48 -5 85 0
 44 87 -23 0
 52 -51 45 0
 -10 25 5 0
 97 62 23 0
 -34 38 29 0
 -32 -16 -53 0
 -49 51 27 0
 89 91 -42 0
 15 95 89 0
 63 34 -76 0
 62 -73 4 0
 79 18 33 0
 21 -39 -87 0
 74 100 28 0
 -55 -54 -51 0
 -47 -64 29 0
 -99 64 -48 0
 -47 -69 -38 0
 -18 -67 47 0
 64 59 85 0
 -53 -63 75 0
 -44 76 14 0
 47 -69 -27 0
 3 -12 7 0
 50 87 63 0
 -67 37 48 0
 76 -23 -18 0
 -11 -98 -35 0
 -96 60 21 0
 22 -74 64 0
 86 59 97 0
 14 1 -95 0
 -73 97 30 0
 -65 -4 -35 0
 20 48 97 0
 27 67 4 0
 54 72 94 0
 -76 55 62 0
 45 -99 94 0
 -48 75 -28 0
 -19 -52 51 0
 -25 -72 -51 0
 44 -22 -89 0
 -5 18 84 0
 -16 -78 93 0
 -65 -83 -69 0
 -31 -49 -68 0
 96 -22 -56 0
 65 42 71 0
 -88 97 -78 0
 48 66 69 0
 -2 32 14 0
 -87 65 88 0
 72 54 93 0
 -100 93 -98 0
 -18 36 34 0
 26 -78 28 0
 -80 4 -78 0
 -36 48 -41 0
 -43 -15 3 0
 -74 -25 -4 0
 89 -17 21 0
 5 89 -80 0
 -5 -67 -17 0
 39 86 -51 0
 17 71 -8 0
 -62 -83 -73 0
 18 64 -56 0
 73 -42 -40 0
 56 -77 -39 0
 -12 -62 81 0
 -84 16 55 0
 -100 -19 64 0
 81 -83 15 0
 -19 -67 -40 0
 34 19 -98 0
 -43 62 66 0
 -96 -20 -34 0
 95 37 -100 0
 74 -24 9 0
 10 45 -13 0
 -51 48 -86 0
 -74 51 -73 0
 -38 -73 15 0
 -3 -28 -55 0
 86 8 -80 0
 -4 57 -87 0
 -88 95 -10 0
 -54 1 81 0
 28 -92 -91 0
 14 -1 78 0
 45 70 41 0
 82 -21 -95 0
 -38 -28 -52 0
 35 -78 36 0
 -27 51 54 0
 -77 -63 64 0
 99 -27 -31 0
 26 45 -25 0
 11 -39 7 0
 -57 3 -90 0
 60 -89 56 0
 -30 25 28 0
 46 -83 97 0
 -19 -49 75 0
 -95 26 -74 0
 -62 9 18 0
 -48 60 31 0
 69 -30 47 0
 -28 -29 -53 0
 -38 -85 -39 0
 85 31 -32 0
 -92 7 -60 0
 -13 -64 86 0
 73 -63 78 0
 -19 -15 62 0
 13 -50 -95 0
 -34 -63 -50 0
 -5 44 47 0
 95 -15 99 0
 50 -43 75 0
 77 7 -16 0
 -31 -51 -10 0
 -11 46 80 0
 -21 -43 35 0
 8 97 4 0
 36 -2 -31 0
 22 -30 -54 0
 -67 -97 72 0
 1 -71 96 0
 68 -62 -50 0
 65 -16 -29 0
 96 -92 -44 0
 12 95 80 0
 -61 -70 6 0
 68 -90 45 0
 48 -46 67 0
 29 10 -78 0
 -4 67 1 0
 39 -88 -20 0
 82 37 -73 0
 21 -46 -93 0
 13 81 -69 0
 -68 66 -48 0
 -81 2 98 0
 -77 76 -7 0
 33 89 10 0
 -96 11 -65 0
 -61 -18 95 0
 -18 40 91 0
 86 -4 -35 0
 51 -27 -2 0
 -83 -55 -84 0
 52 -90 92 0
 32 24 63 0
 -53 -9 -69 0
 24 -84 12 0
 -78 43 -15 0
 99 49 36 0
 79 -23 -31 0
 15 -58 100 0
 -89 62 -30 0
 -57 48 -23 0
 -75 -71 99 0
 78 -2 74 0
 -45 47 43 0
 -43 -7 76 0
 97 -71 5 0
 -97 -88 -12 0
 -11 60 40 0
 73 88 -96 0
 70 -46 83 0
 78 -14 87 0
 -79 -44 87 0
 66 -98 -38 0
 -26 54 76 0
 53 46 77 0
 35 27 53 0
 64 24 69 0
 -21 90 5 0
 95 41 50 0
 -30 -57 87 0
 11 -56 65 0
 -23 61 -3 0
 -27 10 -86 0
 84 -34 69 0
 -66 -94 -24 0
 77 50 -20 0
 -65 -90 -66 0
 58 81 72 0
 -11 -33 -82 0
 28 -58 88 0
 -23 -57 48 0
 -85 52 100 0
 -80 45 -41 0
 65 -37 12 0
 72 43 60 0
 -75 -57 68 0
 -21 -69 80 0
 -99 91 41 0
 63 72 13 0
 -83 -41 59 0
 -64 59 -93 0
 -75 -8 87 0
 78 15 -50 0
 -34 79 -89 0
 90 43 -21 0
 1 -11 86 0
 -74 -23 92 0
 32 29 -7 0
 -86 -63 -89 0
 -44 9 -73 0
 -43 -84 -24 0
 10 22 -35 0
 -92 13 -11 0
 93 20 -56 0
 -61 -49 67 0
 13 -37 -9 0
 -49 88 -83 0
 -37 -14 47 0
 7 72 -11 0
 3 69 20 0
 -53 -67 30 0
 -70 -5 -40 0
