p cnf 100 400 200 2
9 7 0 7 5 8 8 9 5 9 0 5 5 3 5 8 1 3 3 0 4 3 1 2 6 5 7 2 3 2 1 4 2 2 1 9 8 2 2 5 9 0 1 8 0 0 1 2 2 3 2 8 9 4 7 7 8 4 9 1 9 6 4 7 2 4 6 0 7 0 2 2 3 6 9 3 1 7 6 9 5 1 8 2 7 5 9 4 7 3 5 1 5 7 6 0 0 5 0 7 2 0 9 9 5 5 6 2 6 2 4 4 0 6 4 2 7 3 4 3 6 3 5 1 0 2 9 5 3 3 9 8 6 0 2 9 0 2 0 0 6 3 5 3 9 0 8 5 8 3 0 8 3 3 8 7 3 4 6 5 9 2 0 3 9 5 5 2 0 8 5 2 9 8 9 0 1 1 8 6 3 8 7 4 1 3 4 8 5 5 3 7 5 6 2 1 1 9 8 6
2 5 6 8 4 2 9 6 5 2 3 3 6 7 8 9 5 2 0 7 4 0 5 6 3 4 5 2 1 5 8 4 2 5 7 1 3 1 0 7 6 1 8 2 6 8 8 1 9 2 5 6 3 5 9 1 7 6 4 8 9 6 5 5 8 5 6 0 0 9 5 0 7 9 5 5 5 7 6 9 4 5 8 7 5 2 0 0 2 0 9 1 5 2 9 3 4 6 9 0 1 1 2 3 2 1 2 7 9 3 5 3 9 7 1 8 0 1 6 6 1 7 3 2 9 6 7 1 8 2 6 2 0 6 2 1 1 2 8 6 3 4 5 3 4 9 3 3 6 1 1 8 6 3 4 1 0 5 3 0 6 7 0 2 3 6 2 0 9 9 0 2 9 2 6 9 0 3 0 0 6 3 0 5 3 8 2 7 0 1 1 4 0 6 7 1 9 6 6 8
 -49 95 -98 0
 29 -4 -98 0
 4 -6 36 0
 13 23 -10 0
 95 62 31 0
 -89 -38 44 0
 35 -50 80 0
 6 -97 -62 0
 37 -95 76 0
 -44 -48 73 0
 83 56 -39 0
 -33 -70 -29 0
 -5 54 96 0
 -46 -69 51 0
 -87 -75 1 0
 14 -91 6 0
 90 80 -83 0
 -37 -90 62 0
 42 -88 -55 0
 28 -76 61 0
 -37 -44 95 0
 -32 -48 -69 0
 11 66 -69 0
 -85 24 -71 0
 19 64 96 0
 81 17 49 0
 41 21 -7 0
 76 57 82 0
 -47 -19 65 0
 87 74 -32 0
 33 -40 -79 0
 16 -57 -45 0
 54 -79 -49 0
 -73 -75 29 0
 40 -87 21 0
 53 84 -95 0
 -4 -55 -69 0
 45 17 -99 0
 -71 8 -14 0
 -45 -95 37 0
 3 80 -43 0
 -22 -1 -17 0
 49 89 32 0
 -18 5 -93 0
 85 -62 -92 0
 30 44 2 0
 96 78 -26 0
 54 29 12 0
 32 51 12 0
 -38 97 -80 0
 -77 -44 76 0
 -90 -96 -57 0
 -94 -51 -32 0
 -56 -2 -90 0
 49 45 -28 0
 98 -48 4 0
 -24 -36 -35 0
 82 -9 -55 0
 -24 -11 -7 0
 -31 69 -97 0
 9 -53 87 0
 91 43 -29 0
 -44 49 25 0
 -26 -36 59 0
 99 -84 -80 0
 92 -22 -21 0
 77 8 16 0
 -58 -10 -41 0
 -61 -63 62 0
 -51 -25 -84 0
 93 -25 48 0
 6 -37 -47 0
 5 57 46 0
 77 -100 69 0
 -60 -53 -79 0
 73 88 -38 0
 88 -20 68 0
 52 57 41 0
 46 19 35 0
 74 56 -99 0
 47 56 -76 0
 77 61 100 0
 22 13 89 0
 -61 -23 81 0
 34 -11 17 0
 86 -1 35 0
 72 -85 -64 0
 15 21 -98 0
 97 -38 28 0
 26 49 -34 0
 45 -92 74 0
 -64 -78 -23 0
 -97 31 14 0
 -14 87 -86 0
 -61 -26 55 0
 -81 -54 -58 0
 -74 -48 -91 0
 -81 -59 -16 0
 -57 -52 90 0
 -91 6 -31 0
 62 41 -100 0
 60 -34 51 0
 33 57 92 0
 29 44 20 0
 81 -99 89 0
 -68 37 -67 0
 36 -10 57 0
 -62 -72 -36 0
 4 -91 -75 0
 -70 -69 -59 0
 32 77 51 0
 81 36 13 0
 61 -46 43 0
 -23 13 -33 0
 -97 -87 51 0
 -100 27 18 0
 70 -79 27 0
 -66 -25 50 0
 -88 -33 77 0
 24 17 -41 0
 -24 26 -38 0
 -25 1 4 0
 81 -83 50 0
 -71 65 61 0
 -23 14 28 0
 -70 -55 44 0
 74 -62 87 0
 1 8 45 0
 -9 43 -15 0
 84 41 -55 0
 -50 -31 9 0
 80 -29 41 0
 62 -85 -18 0
 -82 -70 -24 0
 -28 -32 38 0
 17 93 64 0
 -72 92 -35 0
 84 -80 73 0
 -9 -30 -74 0
 -52 75 79 0
 -89 30 48 0
 99 -16 -24 0
 16 -98 -90 0
 -24 27 -40 0
 -61 -43 -81 0
 36 -17 94 0
 -19 -70 56 0
 58 93 -12 0
 -15 86 74 0
 2 -47 -54 0
 100 -51 -99 0
 19 -8 -38 0
 44 22 -81 0
 -30 4 56 0
 43 -28 4 0
 5 78 2 0
 22 -85 98 0
 -76 93 -78 0
 96 46 -42 0
 -56 -91 -73 0
 74 -25 -91 0
 -91 -76 38 0
 12 -66 -5 0
 -21 43 32 0
 -73 -8 79 0
 85 -98 -16 0
 -27 -51 3 0
 -39 -71 -83 0
 1 -53 -30 0
 -85 88 78 0
 1 -91 88 0
 -46 -43 -35 0
 33 67 -49 0
 83 51 -62 0
 15 73 98 0
 -63 39 -76 0
 -97 44 -9 0
 76 -62 -78 0
 50 32 88 0
 93 7 43 0
 -55 79 90 0
 90 -28 -29 0
 68 -17 -2 0
 12 96 79 0
 -78 3 -41 0
 62 -58 95 0
 58 -52 99 0
 5 38 -71 0
 -63 13 87 0
 73 -7 -87 0
 36 -73 45 0
 2 92 96 0
 -34 9 -63 0
 47 28 14 0
 9 18 -83 0
 -82 -21 10 0
 -52 -80 61 0
 77 -80 62 0
 45 -71 -39 0
 58 -53 21 0
 45 -74 -84 0
 24 31 -86 0
 11 31 100 0
 44 7 56 0
 99 22 -12 0
 73 -81 51 0
 -82 -34 100 0
 -35 98 53 0
 56 -40 18 0
 -89 77 -34 0
 47 -39 -3 0
 47 -46 90 0
 -89 61 -34 0
 75 4 -66 0
 22 66 15 0
 -8 89 49 0
 -79 69 48 0
 -47 96 -41 0
 -70 -91 68 0
 29 -41 -43 0
 94 13 -24 0
 52 -58 -17 0
 -1 58 -47 0
 -90 -85 -76 0
 -6 -93 -57 0
 74 89 -34 0
 17 -99 -72 0
 -80 15 16 0
 5 -91 1 0
 78 5 95 0
 28 21 61 0
 -97 -59 63 0
 -69 45 74 0
 5 -64 -57 0
 31 100 22 0
 41 -26 99 0
 -16 18 76 0
 88 -74 100 0
 77 90 -79 0
 34 -55 31 0
 -9 100 44 0
 -15 -50 4 0
 -23 -85 -59 0
 83 -33 -79 0
 -15 -78 70 0
 -8 -66 -36 0
 -78 65 -90 0
 -11 48 92 0
 -79 64 -57 0
 13 -98 -97 0
 60 39 31 0
 -45 -80 55 0
 19 -97 -42 0
 -58 -11 -10 0
 -7 -88 64 0
 -11 -38 -62 0
 -61 -6 -47 0
 65 47 89 0
 -7 98 19 0
 -86 -78 83 0
 29 76 85 0
 -20 -56 3 0
 -29 1 10 0
 61 -69 76 0
 60 -24 46 0
 71 46 -24 0
 -79 -8 39 0
 -63 -28 -9 0
 44 -13 80 0
 53 -56 -11 0
 52 -67 -17 0
 -26 -39 35 0
 -43 21 -58 0
 39 53 -52 0
 -69 -38 73 0
 92 -57 -82 0
 -44 24 99 0
 25 -56 66 0
 80 47 -98 0
 -2 -65 -7 0
 -9 1 12 0
 -17 55 83 0
 37 -41 12 0
 14 -56 -42 0
 -66 63 -97 0
 -48 44 -15 0
 -61 -51 80 0
 -96 -63 5 0
 -42 94 17 0
 31 -87 52 0
 16 69 -54 0
 53 -65 -76 0
 -68 80 49 0
 -100 54 -52 0
 38 -41 -84 0
 99 -15 69 0
 -15 -66 -70 0
 92 -93 -42 0
 83 97 61 0
 -79 49 -91 0
 -81 -59 -8 0
 -62 -13 -46 0
 23 50 84 0
 5 97 -52 0
 78 -86 -22 0
 -27 90 -45 0
 -10 -31 -47 0
 -96 -79 -71 0
 85 79 -15 0
 -71 -8 56 0
 32 83 89 0
 20 89 87 0
 77 19 -96 0
 -31 -63 -56 0
 80 97 61 0
 -60 -16 26 0
 -86 -48 -61 0
 -29 -99 -92 0
 -49 -93 39 0
 65 27 -45 0
 -34 -32 -83 0
 96 92 5 0
 -79 -55 15 0
 -57 -33 -59 0
 -16 22 23 0
 64 -65 -58 0
 46 -84 60 0
 27 43 -92 0
 -37 97 -33 0
 4 -14 100 0
 22 -87 -93 0
 6 8 24 0
 37 -46 57 0
 74 68 53 0
 -77 42 -15 0
 37 91 12 0
 18 99 2 0
 16 81 85 0
 94 50 72 0
 -70 -14 40 0
 -1 79 69 0
 6 -95 -87 0
 -95 -33 -93 0
 -18 74 88 0
 -14 -19 9 0
 -23 -91 19 0
 19 27 69 0
 69 -31 -30 0
 50 -41 -61 0
 90 -86 43 0
 6 -97 8 0
 19 -53 30 0
 77 -20 -47 0
 -18 93 63 0
 -74 44 12 0
 -26 3 24 0
 -7 -6 -64 0
 -3 39 88 0
 91 61 -74 0
 4 62 -55 0
 34 -24 -74 0
 56 87 89 0
 -47 72 -93 0
 -80 -56 31 0
 69 -87 -45 0
 19 38 -91 0
 22 -12 49 0
 -93 74 -9 0
 1 48 -50 0
 -53 72 -41 0
 83 -42 51 0
 -80 -64 74 0
 97 -76 67 0
 -48 94 10 0
 -81 -27 -5 0
 -84 -22 -97 0
 89 -11 -39 0
 94 12 87 0
 77 81 -86 0
 -60 -34 -59 0
 -69 -18 89 0
 57 13 46 0
 -40 3 -30 0
 51 -23 56 0
 56 -68 39 0
 25 28 -3 0
 47 -68 48 0
 77 19 -46 0
 -6 -62 -59 0
 87 -39 31 0
 -77 26 -1 0
 -19 89 63 0
 20 -60 -75 0
 -80 -78 16 0
 -89 30 74 0
 13 -78 71 0
 98 34 -37 0
 37 -31 46 0
 -37 -62 23 0
 74 47 57 0
 -7 -53 -29 0
 -68 -10 99 0
 -90 79 93 0
 -13 61 -90 0
 -2 -22 -31 0
 43 91 -93 0
 -87 40 -29 0
 58 28 52 0
 -7 67 -37 0
 -40 -79 -49 0
 36 -42 13 0
 -97 68 48 0
 -1 -88 54 0
 68 26 -82 0
 24 -66 31 0
 85 38 -21 0
 -3 32 52 0
 -78 -50 -87 0
 -29 -4 1 0
 8 28 -10 0
 -53 21 77 0
 7 51 20 0
 -23 12 92 0
 75 -98 -29 0
 -13 -14 45 0
 -93 -51 21 0
 63 47 83 0
 38 63 -92 0
 -11 9 39 0
 -31 -59 94 0
 17 -23 -24 0
 29 33 34 0
 -2 3 -15 0
 -20 -56 -98 0
 41 -85 69 0
 54 56 71 0
 -98 -23 -32 0
 41 52 -15 0
 -94 -65 -56 0
 -54 78 -53 0
 63 -96 43 0
 24 -66 -60 0
 81 15 92 0
 59 30 -45 0
 -58 -11 85 0
 -62 90 25 0
 42 53 40 0
 55 40 18 0
 69 45 89 0
 -9 -20 88 0
 -86 24 -63 0
 54 37 91 0
 100 -9 -80 0
 18 27 -72 0
 -36 30 18 0
 -31 8 54 0
 69 -29 20 0
 100 -3 -68 0
 -3 61 -22 0
 38 88 -34 0
 -7 -5 -42 0
 39 -84 -10 0
 -28 -24 67 0
 55 29 48 0
 40 -6 -4 0
 -52 -81 54 0
 43 82 -61 0
 11 -76 20 0
 -24 -95 51 0
 32 90 61 0
 -91 -72 83 0
 1 -40 -56 0
 89 -40 -33 0
 -85 68 -98 0
 -49 73 -96 0
 -42 5 -92 0
 86 17 -7 0
 40 39 67 0
 -76 68 72 0
 38 -52 23 0
 81 76 90 0
 -89 -33 66 0
 -36 64 -28 0
 71 -54 38 0
 71 64 -1 0
 59 79 97 0
 -46 59 -9 0
 37 -34 -62 0
 66 53 50 0
 85 4 54 0
 -4 -20 -60 0
 38 1 -61 0
 -95 33 -100 0
 77 36 9 0
 41 -68 -22 0
 7 -61 -47 0
 37 73 58 0
 -2 25 -64 0
 -40 19 21 0
 65 23 -61 0
 82 30 5 0
 -55 73 -21 0
 57 -27 -73 0
 3 54 -99 0
 17 26 -12 0
 41 9 98 0
 -29 -60 44 0
 7 -10 24 0
 28 -62 2 0
 -87 29 56 0
 44 1 3 0
 5 -37 79 0
 -62 82 -29 0
 43 10 44 0
 21 -85 -18 0
 -15 88 -42 0
 26 49 90 0
 -70 -91 95 0
 -7 -42 -87 0
 -34 -51 44 0
 54 49 -95 0
 95 62 -90 0
 73 70 17 0
 14 75 -62 0
 -99 94 -87 0
 -72 -46 15 0
 81 8 -86 0
 85 -6 94 0
 92 -31 74 0
 18 -32 7 0
 86 -48 -41 0
 -49 -25 -92 0
 51 -79 -39 0
 -37 -8 53 0
 -55 -87 39 0
 -22 -88 -91 0
 94 85 26 0
 -86 -15 -54 0
 -49 40 77 0
 100 -69 14 0
 68 -80 21 0
 -91 -82 -37 0
 82 83 38 0
 -71 -89 23 0
 -60 -1 -36 0
 25 -70 39 0
 -33 99 83 0
 99 28 -35 0
 24 73 -97 0
 70 -20 43 0
 -4 -11 -83 0
 -87 22 -51 0
 21 -33 -74 0
 80 18 97 0
 -72 -39 -45 0
 -86 52 -4 0
 -80 84 81 0
 12 18 93 0
 78 44 68 0
 -61 46 -44 0
 25 -85 68 0
 67 -48 -20 0
 -5 23 -65 0
 8 17 -22 0
 70 38 -24 0
 -84 -92 -22 0
 -88 -39 89 0
 -14 53 -71 0
 -19 -71 -3 0
 -91 -53 -1 0
 61 -45 -82 0
 72 -37 -89 0
 -77 2 8 0
 -88 -96 -50 0
 79 47 -28 0
 -15 -53 -10 0
 54 69 47 0
 85 -77 63 0
 -49 -62 92 0
 48 58 85 0
 49 33 -59 0
 42 -40 -30 0
 -93 -5 -36 0
 -36 -42 50 0
 94 68 -19 0
 -1 8 -60 0
 -41 25 -34 0
 35 94 36 0
 27 18 -24 0
 93 -84 33 0
 61 -52 -65 0
 -90 -10 100 0
 -13 -25 -48 0
 -45 89 -97 0
 3 -78 34 0
 -83 -35 -60 0
 76 -44 -23 0
 -70 87 26 0
 59 -98 97 0
 -91 -35 -49 0
