p cnf 10 20 20 2
0 0 1 5 9 2 8 3 7 4 3 5 0 9 9 6 7 8 4 5
3 0 3 9 6 5 9 6 0 0 9 2 9 7 2 2 3 7 1 4
 5 -3 7 0
 -4 7 1 0
 4 2 1 0
 -2 4 5 0
 1 4 -3 0
 1 3 -10 0
 4 -10 8 0
 8 -10 3 0
 9 -5 -3 0
 -3 -1 -2 0
 4 -3 1 0
 -9 -5 7 0
 2 8 -4 0
 6 -1 -10 0
 6 -8 -1 0
 8 6 5 0
 -3 9 2 0
 -5 -9 3 0
 10 -7 8 0
 -9 -7 8 0
 2 -6 -8 0
 10 2 -5 0
 9 -6 -1 0
 1 8 9 0
 1 8 -7 0
 -7 -5 2 0
 -9 -6 5 0
 -2 3 -5 0
 -5 -2 1 0
 -5 7 -8 0
 -2 -10 -6 0
 1 6 3 0
 -9 5 2 0
 -4 6 9 0
 -7 -5 1 0
 -5 -1 6 0
 6 -1 -5 0
 -4 6 3 0
 7 4 -9 0
 5 2 7 0
