p cnf 10 20 20 2
6 9 3 1 5 3 1 9 1 7 3 8 6 2 4 7 6 4 6 2
1 4 9 4 4 1 4 8 6 9 6 9 2 7 8 4 3 9 1 0
 10 2 1 0
 -10 8 7 0
 5 2 4 0
 -1 -8 -7 0
 -5 -1 8 0
 4 8 1 0
 4 6 3 0
 1 5 2 0
 -4 1 -8 0
 -4 9 -10 0
 5 -9 1 0
 5 1 8 0
 -7 6 1 0
 -6 -10 4 0
 7 -5 8 0
 9 -3 5 0
 8 10 6 0
 -1 10 -9 0
 10 -9 5 0
 -2 -10 5 0
 -1 4 -10 0
 -6 5 -2 0
 -4 -3 -1 0
 -8 -5 7 0
 -5 1 -7 0
 1 -3 6 0
 -9 -10 -7 0
 7 -10 8 0
 -10 6 1 0
 -1 2 8 0
 -2 -7 -9 0
 -6 3 -5 0
 10 1 5 0
 -1 -10 -4 0
 5 -9 -1 0
 -10 -3 -5 0
 -2 7 1 0
 2 -6 3 0
 4 2 5 0
 10 5 -6 0
