p cnf 10 20 20 2
3 7 9 9 2 3 3 6 3 7 2 8 8 0 9 6 5 7 2 7
8 9 7 7 4 7 5 6 4 5 6 7 5 4 1 5 5 1 1 6
 -9 -2 -7 0
 -5 -2 10 0
 -1 3 4 0
 -10 -7 -5 0
 3 -8 -2 0
 6 8 -10 0
 -1 9 -3 0
 -2 -6 8 0
 5 -9 -8 0
 7 -3 5 0
 1 -3 -8 0
 1 -4 -10 0
 -1 8 3 0
 4 -8 -10 0
 2 4 -8 0
 9 -7 -1 0
 -7 -6 -4 0
 5 -10 3 0
 3 1 4 0
 -7 -8 9 0
 -9 -4 -10 0
 -7 8 -1 0
 -8 -5 -3 0
 -7 8 6 0
 6 -9 -10 0
 -10 6 9 0
 5 -1 -8 0
 -10 1 5 0
 -3 -7 9 0
 6 -2 10 0
 4 -6 -1 0
 2 -6 9 0
 -2 -1 3 0
 9 -3 1 0
 8 -2 -5 0
 9 1 -5 0
 -1 8 2 0
 -8 -1 -7 0
 7 2 -10 0
 -6 3 -8 0
