p cnf 20 100 100 2
3 1 5 0 9 4 1 0 3 9 6 1 0 3 1 8 1 6 2 3 2 6 1 5 4 6 9 9 9 7 6 1 8 8 6 1 8 0 5 2 4 0 9 4 3 4 8 2 9 5 6 9 6 5 2 3 6 2 5 0 2 8 0 5 1 8 8 2 0 6 3 6 7 0 8 2 8 3 3 8 6 3 7 5 6 5 9 5 5 8 1 2 8 1 7 3 2 5 7 4
0 4 1 7 5 4 5 7 7 0 2 0 1 9 2 4 6 6 1 4 0 3 6 3 9 6 3 7 7 2 4 1 7 5 3 7 3 7 2 4 8 6 9 0 6 5 0 1 5 8 8 4 5 8 3 5 7 4 9 4 1 0 6 0 4 1 1 4 7 0 5 9 6 6 2 7 2 8 1 2 6 9 4 6 4 8 6 5 4 5 2 9 3 9 8 1 9 1 4 6
 20 8 -7 0
 9 -5 15 0
 10 -4 -14 0
 -12 -2 8 0
 -8 -14 -3 0
 -14 -18 4 0
 -16 -7 19 0
 11 7 -3 0
 16 -18 13 0
 10 -16 -4 0
 10 1 17 0
 -7 -13 8 0
 -8 -14 -17 0
 19 -2 3 0
 -5 -7 -15 0
 14 -2 -12 0
 -11 10 -7 0
 -2 -1 -20 0
 -10 13 4 0
 -18 -9 17 0
 7 11 2 0
 2 -5 9 0
 -5 -16 18 0
 -1 6 9 0
 -6 7 -14 0
 12 8 4 0
 16 -9 -1 0
 4 20 -8 0
 -9 -16 -1 0
 7 9 2 0
 14 7 -19 0
 12 1 -16 0
 -17 2 -9 0
 -15 -13 -14 0
 11 -17 18 0
 -6 -7 19 0
 -18 -8 14 0
 13 -19 6 0
 5 -19 -20 0
 13 -2 -12 0
 -2 17 -11 0
 4 -14 -13 0
 10 9 -17 0
 -10 -14 -17 0
 -9 -8 -17 0
 3 10 20 0
 20 19 5 0
 -13 -16 -4 0
 3 -5 1 0
 13 6 -1 0
 17 2 -3 0
 11 -20 -10 0
 -18 15 -20 0
 11 -7 20 0
 -18 -1 9 0
 -14 7 13 0
 -20 8 6 0
 -5 6 10 0
 16 7 4 0
 19 -17 -14 0
 4 11 14 0
 -15 18 -7 0
 -6 -2 9 0
 -12 -1 16 0
 14 -15 -17 0
 -15 1 -17 0
 -10 16 13 0
 -6 -7 10 0
 7 12 19 0
 18 2 1 0
 -2 -6 -1 0
 -9 12 -1 0
 4 19 -16 0
 -6 5 -15 0
 -20 -12 17 0
 18 12 -17 0
 4 -17 12 0
 -15 -18 -10 0
 -2 -7 6 0
 2 20 -11 0
 -20 1 -17 0
 -20 11 -3 0
 7 9 -6 0
 18 -1 5 0
 -18 -4 -2 0
 -17 13 11 0
 -1 7 -10 0
 -12 6 -17 0
 -8 -18 -1 0
 -10 14 2 0
 15 -12 18 0
 -12 -9 17 0
 -7 -20 4 0
 6 -16 -1 0
 -18 -16 -1 0
 14 2 8 0
 10 -19 -14 0
 18 -19 6 0
 -8 -5 11 0
 5 -11 -13 0
 -2 -20 10 0
 -8 20 -17 0
 -5 10 7 0
 -3 -12 -4 0
 -17 -20 -16 0
 -10 -2 -19 0
 -1 14 3 0
 -9 -2 13 0
 10 -7 14 0
 -5 12 16 0
 5 -6 2 0
 18 -7 3 0
 7 3 -8 0
 -20 11 10 0
 8 -3 18 0
 17 -20 -15 0
 -6 -11 12 0
 -14 2 -4 0
 10 17 19 0
 3 -15 -16 0
 -20 -10 7 0
 -5 -18 -10 0
 5 -17 -13 0
 -1 -14 -16 0
 -5 -16 -13 0
 -1 -5 -20 0
 -1 -20 -18 0
 -10 -8 -15 0
 -4 2 16 0
 14 -11 -16 0
 7 -14 12 0
 14 -11 16 0
 -1 13 -15 0
 -3 -2 -14 0
 -4 6 10 0
 -8 -9 -6 0
 3 12 -13 0
 -17 -20 -7 0
 -13 11 4 0
 13 -16 18 0
 -5 17 7 0
 -11 -13 8 0
 6 16 11 0
 -16 -14 15 0
 -5 20 -9 0
 -4 -15 -13 0
 19 10 6 0
 -11 13 2 0
 -9 4 12 0
 20 4 14 0
 14 -9 -4 0
 7 -8 -6 0
 15 1 20 0
 -12 -18 19 0
 13 10 -15 0
 15 -6 -19 0
 8 4 11 0
 5 15 -9 0
 19 1 -6 0
 -18 8 1 0
 13 18 -2 0
 15 -5 -1 0
 -13 -4 7 0
 -17 -4 -13 0
 19 18 -3 0
 -17 10 16 0
 -3 1 -17 0
 14 6 -8 0
 10 -12 13 0
 -1 -2 -10 0
 -16 -2 7 0
 2 -5 1 0
 -19 -9 15 0
 -13 -12 -2 0
 20 -19 8 0
 13 -5 8 0
 12 -11 18 0
 7 -1 17 0
 13 -16 14 0
 15 10 -5 0
 -7 1 9 0
 10 -3 -12 0
 -17 9 -11 0
 18 -15 5 0
 15 -10 -8 0
 -10 1 -3 0
 -2 -5 -17 0
 1 8 -3 0
 -14 3 12 0
 -6 20 -15 0
 -5 -17 -14 0
 6 -12 3 0
 5 17 13 0
 -14 -7 2 0
 8 11 -5 0
 14 -11 -19 0
 1 -3 6 0
 2 -19 -10 0
 -3 14 -8 0
 -5 -15 -11 0
