p cnf 20 50 20 2
3 2 1 1 8 3 8 9 3 6 5 7 9 3 2 1 2 7 9 4
0 5 5 9 8 3 2 3 3 6 6 6 4 8 3 1 7 8 5 7
 -6 15 -9 0
 -7 13 -2 0
 3 -7 -16 0
 3 -6 15 0
 -8 10 -20 0
 3 12 -6 0
 -12 14 17 0
 12 -16 -10 0
 -15 10 -14 0
 -16 20 -17 0
 -18 14 8 0
 -7 6 -4 0
 1 10 -9 0
 9 -20 -2 0
 4 -13 19 0
 10 -13 17 0
 -20 10 6 0
 19 -6 -7 0
 12 4 11 0
 -10 13 19 0
 20 -7 3 0
 -4 -12 8 0
 -6 -5 -15 0
 -3 13 11 0
 -3 1 11 0
 11 8 -10 0
 18 17 13 0
 1 9 -10 0
 -4 -16 -17 0
 -9 -18 17 0
 5 -14 -16 0
 -11 -4 2 0
 19 -6 -7 0
 -20 -1 5 0
 -8 -9 20 0
 -7 -8 17 0
 19 7 -18 0
 -8 -1 -18 0
 8 19 -5 0
 7 -5 -1 0
 19 9 6 0
 -16 -18 19 0
 -18 -4 13 0
 -4 11 -18 0
 -10 16 -13 0
 -16 -15 2 0
 16 -7 9 0
 -3 -13 16 0
 -9 -14 5 0
 20 5 8 0
 9 -19 4 0
 -10 -17 12 0
 -18 -6 3 0
 -20 4 -15 0
 -12 -5 -10 0
 -19 -3 -2 0
 -16 -3 18 0
 -2 -18 -1 0
 15 14 -7 0
 1 -11 -7 0
 17 -8 15 0
 7 17 -18 0
 -7 -2 8 0
 10 -12 11 0
 -8 -15 -4 0
 -14 12 -16 0
 -15 3 -10 0
 8 -9 7 0
 -8 14 20 0
 14 5 16 0
