p cnf 20 50 20 2
5 9 3 3 9 5 6 0 6 3 8 5 0 2 1 2 6 4 0 1
9 0 1 3 9 1 6 3 1 5 1 2 3 0 6 2 7 5 9 5
 1 -3 17 0
 -10 19 -11 0
 12 9 14 0
 20 1 13 0
 -10 16 -11 0
 2 -1 -5 0
 10 14 -9 0
 -15 -6 -2 0
 19 18 13 0
 -5 -8 17 0
 3 7 -20 0
 -1 19 14 0
 8 -3 13 0
 -3 -2 20 0
 -3 -6 15 0
 -12 7 -8 0
 -14 19 3 0
 5 -1 -20 0
 -2 14 -19 0
 19 -8 4 0
 -9 16 1 0
 -2 17 -14 0
 7 12 -4 0
 19 -5 1 0
 -11 20 18 0
 -1 15 -18 0
 17 13 8 0
 17 5 9 0
 20 11 16 0
 18 9 -13 0
 5 6 -2 0
 6 16 10 0
 7 9 10 0
 -8 -14 4 0
 2 10 12 0
 18 17 12 0
 -12 17 15 0
 18 -2 20 0
 4 -16 15 0
 18 -3 4 0
 -1 -14 -15 0
 -12 -4 19 0
 2 9 3 0
 -2 14 5 0
 -18 -1 2 0
 -3 -11 14 0
 -9 -5 19 0
 8 -20 11 0
 1 14 16 0
 18 -19 20 0
 -17 -19 4 0
 -18 -3 -12 0
 -12 -14 4 0
 15 18 20 0
 11 -1 19 0
 -18 -8 -3 0
 -6 -16 -20 0
 -9 -13 18 0
 15 9 13 0
 -16 17 19 0
 20 -11 -7 0
 -8 19 11 0
 -12 14 11 0
 -8 13 -18 0
 6 3 -10 0
 2 19 -17 0
 -11 -19 18 0
 18 -10 9 0
 16 8 15 0
 -10 15 5 0
