p cnf 20 100 100 2
8 4 7 2 7 0 6 2 1 5 7 8 9 6 2 5 0 4 7 9 8 5 7 2 3 2 8 1 9 6 0 3 1 2 6 7 9 9 1 0 9 3 8 8 6 0 7 3 5 2 4 3 5 9 8 7 2 9 2 2 6 8 0 6 8 7 7 3 7 8 0 6 1 0 4 2 8 3 7 2 7 9 4 5 4 8 1 1 7 5 1 4 1 4 4 7 6 4 1 6
3 5 6 6 3 2 4 8 1 1 2 7 7 9 2 3 7 1 2 8 0 6 6 2 8 7 0 4 3 9 6 3 4 6 5 1 0 8 7 5 0 0 3 6 2 9 7 7 9 6 4 8 7 8 8 5 5 1 8 5 4 3 1 0 9 1 6 8 3 4 1 5 2 2 5 8 0 5 9 2 7 2 1 1 3 9 2 6 9 4 2 3 0 4 1 6 6 9 5 5
 13 -2 -16 0
 -7 -2 13 0
 3 -12 8 0
 -9 -3 -13 0
 -5 11 13 0
 17 -6 -13 0
 -2 4 5 0
 1 -5 19 0
 17 -8 12 0
 -17 19 -2 0
 17 -7 3 0
 11 12 -5 0
 -7 5 1 0
 -18 -19 -13 0
 2 6 -17 0
 -17 -2 -10 0
 15 13 -17 0
 5 6 11 0
 -11 20 5 0
 7 -15 -16 0
 -5 -2 9 0
 -14 -11 5 0
 14 -17 -5 0
 3 5 -11 0
 -20 9 10 0
 13 19 -8 0
 13 1 19 0
 -12 3 16 0
 -18 1 -7 0
 3 10 -17 0
 8 7 20 0
 2 18 -16 0
 -13 5 1 0
 -10 -16 19 0
 -11 -17 -13 0
 -5 18 12 0
 -7 -10 12 0
 5 11 4 0
 2 -10 -12 0
 -19 16 7 0
 -3 -1 17 0
 10 3 11 0
 13 17 12 0
 20 17 -2 0
 -20 -14 -10 0
 -6 -3 -14 0
 -19 -7 3 0
 10 -8 -1 0
 6 18 19 0
 -17 1 -10 0
 -19 -2 -20 0
 14 -12 9 0
 11 5 -3 0
 -19 1 3 0
 16 6 9 0
 1 16 -8 0
 -3 -6 2 0
 2 -5 -11 0
 -9 -3 20 0
 -2 15 7 0
 16 17 -9 0
 -7 19 -18 0
 -18 17 -7 0
 11 5 20 0
 6 -3 -18 0
 9 13 1 0
 -12 16 2 0
 -11 9 8 0
 8 20 2 0
 16 -8 7 0
 -7 -5 -13 0
 18 3 -11 0
 -17 2 6 0
 7 -1 -8 0
 1 3 -20 0
 -20 -7 -5 0
 5 -14 17 0
 18 4 12 0
 -9 -18 10 0
 -1 -10 7 0
 13 -3 -14 0
 15 12 18 0
 20 4 1 0
 -10 -20 -15 0
 16 1 -17 0
 16 11 -12 0
 16 19 2 0
 15 17 -7 0
 -18 6 -9 0
 20 -15 17 0
 17 -1 -15 0
 3 1 -5 0
 -19 10 12 0
 20 -13 -18 0
 11 18 16 0
 -4 -11 -19 0
 -17 14 2 0
 5 -15 -18 0
 -5 -2 -7 0
 -12 15 -20 0
 19 14 -3 0
 12 -20 19 0
 5 -15 -19 0
 -11 15 -4 0
 -19 -4 -6 0
 16 15 6 0
 6 -11 20 0
 -3 -15 -19 0
 -19 2 -8 0
 1 2 16 0
 -4 11 7 0
 9 -5 7 0
 -3 5 -7 0
 -15 9 -2 0
 -11 12 17 0
 1 17 15 0
 -10 -16 -6 0
 14 19 15 0
 11 15 -9 0
 -8 18 -20 0
 -1 -9 6 0
 13 -10 1 0
 10 -1 -19 0
 2 -16 -8 0
 -4 2 20 0
 12 -4 -14 0
 8 -11 6 0
 11 -18 -20 0
 20 6 -2 0
 9 -6 -12 0
 -4 -15 20 0
 -18 -6 3 0
 -7 6 -14 0
 12 -14 10 0
 7 -20 -12 0
 -8 -1 5 0
 -14 -6 17 0
 5 10 -13 0
 11 18 -20 0
 2 10 -5 0
 -20 -13 2 0
 -10 -2 -15 0
 6 -17 -11 0
 -8 3 -17 0
 19 -14 -15 0
 7 16 6 0
 16 6 -8 0
 9 17 -19 0
 -7 -20 -2 0
 -11 20 -16 0
 -9 -3 -2 0
 15 14 12 0
 9 13 20 0
 15 -12 2 0
 -20 12 5 0
 12 -10 18 0
 13 2 14 0
 -2 15 8 0
 5 -12 -11 0
 8 -10 -5 0
 -18 -17 5 0
 -14 -11 12 0
 -7 11 -4 0
 -20 -14 6 0
 11 -3 15 0
 18 -11 5 0
 6 -8 -10 0
 7 9 18 0
 -4 -20 -9 0
 14 5 -18 0
 5 2 -15 0
 5 18 -10 0
 5 -10 -2 0
 3 20 -4 0
 2 3 18 0
 -20 9 -17 0
 -11 -1 -2 0
 11 -15 -14 0
 6 8 15 0
 -5 -3 -19 0
 -7 -19 -9 0
 -6 -8 14 0
 6 16 -14 0
 9 18 -2 0
 6 -4 9 0
 -3 6 -4 0
 -8 19 16 0
 4 18 1 0
 3 -7 17 0
 -20 -19 -2 0
 -4 10 6 0
 6 -7 -17 0
 -15 2 -7 0
 17 -20 13 0
 -7 -2 -14 0
 20 -4 -9 0
 -3 -4 17 0
 15 -9 2 0
 12 8 -9 0
 -7 4 1 0
