p cnf 20 100 100 2
3 5 3 1 0 8 1 7 8 5 1 5 2 3 2 4 5 6 7 1 4 2 9 9 0 4 0 7 3 7 8 6 7 2 5 4 0 6 2 3 9 0 2 1 2 8 0 3 4 2 6 9 2 7 9 5 2 0 2 1 4 8 0 8 2 2 3 8 4 8 2 9 7 0 1 9 2 5 6 0 4 3 3 5 7 3 6 6 9 9 6 9 5 0 3 6 4 9 1 4
9 7 1 4 6 0 6 8 3 4 1 2 3 0 3 9 6 7 2 8 1 8 6 1 0 1 7 0 6 4 5 8 4 1 1 9 6 6 7 2 1 0 1 0 2 0 3 5 2 9 2 9 8 5 1 9 0 2 2 3 3 5 2 0 4 3 9 5 5 1 3 2 4 3 5 8 5 2 7 8 4 2 6 2 8 5 4 8 0 5 4 1 2 3 0 8 6 4 0 2
 7 -18 -9 0
 -8 -6 -18 0
 15 19 -6 0
 -18 -16 12 0
 16 2 -11 0
 -3 5 -12 0
 -12 -6 -2 0
 5 16 -2 0
 7 15 -20 0
 4 14 12 0
 5 15 -20 0
 -1 16 -13 0
 9 14 -2 0
 11 2 10 0
 19 20 15 0
 13 7 20 0
 -4 18 -11 0
 17 4 -9 0
 18 16 7 0
 13 6 -9 0
 17 -5 -18 0
 16 6 -17 0
 -16 11 -5 0
 -8 -18 -14 0
 -10 -1 -2 0
 -15 19 -2 0
 -12 5 -18 0
 14 18 12 0
 1 -8 -16 0
 -6 -12 -3 0
 -14 4 -13 0
 -12 -6 15 0
 -16 13 -11 0
 4 13 -14 0
 -16 11 -19 0
 7 12 6 0
 19 -12 18 0
 -14 -6 -3 0
 -3 2 9 0
 -9 -18 6 0
 -17 -3 -7 0
 -6 -10 18 0
 -10 16 3 0
 -4 5 20 0
 -6 -2 11 0
 9 4 -7 0
 -10 -6 12 0
 5 9 1 0
 3 -12 -9 0
 15 -9 3 0
 20 13 10 0
 20 1 -19 0
 -11 1 16 0
 -19 -16 8 0
 10 -4 -3 0
 -4 -17 -18 0
 16 -3 20 0
 10 -20 -1 0
 15 3 -18 0
 9 -18 17 0
 -13 1 7 0
 -14 -5 15 0
 -16 10 13 0
 -9 -11 -6 0
 12 7 15 0
 18 5 2 0
 -10 15 -1 0
 20 -5 -9 0
 8 -12 -11 0
 -18 17 -5 0
 -9 20 -10 0
 4 -11 10 0
 -13 8 4 0
 18 9 4 0
 12 17 13 0
 15 8 16 0
 -4 13 -8 0
 5 19 -1 0
 14 19 10 0
 -11 -1 -10 0
 15 -13 8 0
 17 15 -7 0
 -7 11 -2 0
 19 -15 14 0
 -9 5 4 0
 -5 15 -6 0
 -3 14 -5 0
 -7 -19 2 0
 12 16 -6 0
 5 3 -17 0
 15 -11 13 0
 -4 8 19 0
 14 -13 1 0
 4 11 15 0
 14 3 11 0
 -12 -9 15 0
 -14 -17 20 0
 9 20 -1 0
 -13 -10 -16 0
 -6 -1 2 0
 12 -1 -11 0
 -13 8 -17 0
 -10 17 -5 0
 2 -10 -15 0
 14 2 -1 0
 16 19 -4 0
 17 -15 19 0
 -1 3 -2 0
 17 -1 -16 0
 -16 -17 -3 0
 4 -7 1 0
 -12 8 11 0
 20 2 -12 0
 -11 19 -15 0
 -9 18 15 0
 -1 18 10 0
 18 -1 -7 0
 -12 5 17 0
 -4 1 2 0
 -9 13 -20 0
 -5 17 -14 0
 -15 -3 17 0
 -8 9 -18 0
 -15 -10 1 0
 19 -2 16 0
 16 -20 -15 0
 11 -15 3 0
 8 -19 -14 0
 7 -4 3 0
 1 16 -5 0
 -20 5 9 0
 7 11 -6 0
 17 -4 10 0
 11 -5 -2 0
 9 -20 -13 0
 3 -11 13 0
 -1 -11 -5 0
 19 8 -2 0
 -8 -15 4 0
 -15 -12 -14 0
 -7 -17 12 0
 -6 -11 5 0
 -13 5 20 0
 -16 -12 1 0
 -10 12 16 0
 17 16 6 0
 -11 -16 -15 0
 -12 -10 -3 0
 15 -17 -18 0
 16 -8 -19 0
 15 -7 -10 0
 4 3 -7 0
 -5 17 11 0
 4 -13 -19 0
 -11 5 2 0
 -18 -1 5 0
 -1 9 3 0
 14 -3 -19 0
 16 10 -5 0
 -3 11 9 0
 5 13 17 0
 -16 -13 -10 0
 9 -14 -18 0
 14 -9 -16 0
 -13 5 18 0
 19 -18 9 0
 -18 -20 -7 0
 -8 4 -9 0
 -20 12 -18 0
 3 6 13 0
 10 -2 -4 0
 -8 -4 19 0
 7 5 -10 0
 -18 -2 15 0
 -1 5 20 0
 -16 18 -8 0
 17 1 7 0
 -13 8 -12 0
 15 11 19 0
 7 5 -2 0
 7 16 -2 0
 -6 15 19 0
 20 5 -13 0
 6 12 3 0
 10 -20 17 0
 -13 2 20 0
 3 11 -5 0
 3 1 -16 0
 5 -10 -18 0
 13 -11 7 0
 18 -17 14 0
 -10 6 19 0
 7 5 -15 0
 5 -7 -11 0
 6 17 2 0
 -9 -13 1 0
 10 -11 20 0
 -18 -7 -14 0
 -10 -9 8 0
 -16 -12 1 0
