p cnf 20 50 20 2
0 2 9 6 0 4 3 1 7 4 8 6 5 6 9 4 2 7 2 8
1 9 1 5 6 3 2 6 5 0 9 0 3 3 4 6 6 7 6 1
 -1 -17 -10 0
 -7 -5 -15 0
 11 1 -17 0
 16 -10 5 0
 6 -1 8 0
 -12 -13 10 0
 6 10 4 0
 -1 20 11 0
 -11 14 -3 0
 3 15 -17 0
 3 5 16 0
 -10 17 12 0
 -6 -5 -11 0
 -10 -8 -11 0
 10 -4 -15 0
 1 -13 -10 0
 19 -9 14 0
 18 3 16 0
 4 -17 6 0
 -9 -17 -1 0
 -19 14 -4 0
 -6 20 18 0
 -15 16 12 0
 -7 -8 11 0
 3 12 -5 0
 8 -16 20 0
 -2 17 18 0
 -15 4 -10 0
 -18 5 -15 0
 10 -4 12 0
 4 2 -7 0
 15 8 -7 0
 20 14 -1 0
 -1 -5 10 0
 18 6 -4 0
 -11 -19 2 0
 -10 5 -16 0
 2 -17 -12 0
 3 -7 9 0
 16 8 -11 0
 -9 -8 19 0
 -16 -20 -17 0
 -1 11 -14 0
 5 -13 12 0
 -8 13 -12 0
 1 5 -6 0
 10 11 1 0
 -13 -6 8 0
 4 -14 16 0
 18 -19 -5 0
 -18 17 16 0
 -17 3 -14 0
 3 14 -15 0
 -8 -18 -20 0
 10 -4 -18 0
 4 10 -8 0
 6 -17 15 0
 20 -5 -15 0
 8 -19 -18 0
 13 -3 -6 0
 -4 -6 -17 0
 -6 -1 -2 0
 15 -9 13 0
 19 14 -1 0
 -6 9 -5 0
 -2 6 16 0
 6 19 17 0
 -10 14 18 0
 -14 6 20 0
 -11 12 13 0
