p cnf 40 200 100 2
6 6 1 9 6 6 7 8 2 5 7 1 5 3 1 1 0 4 3 3 0 9 4 0 0 0 0 4 0 6 3 0 3 9 1 4 5 4 4 7 5 6 1 7 0 9 8 2 0 0 9 8 4 2 3 4 4 4 5 1 1 4 0 1 8 1 1 7 7 9 7 9 9 7 7 8 1 2 1 0 7 7 6 7 3 9 7 4 8 1 1 2 1 6 5 3 0 9 0 2
7 7 8 2 5 2 0 4 6 2 6 1 8 6 9 4 9 9 0 9 3 4 4 2 8 2 4 2 1 8 5 3 7 7 1 0 9 2 4 8 2 7 0 4 8 2 2 2 6 9 8 3 8 2 0 0 9 1 3 7 1 9 3 6 4 6 5 6 7 6 9 4 7 7 9 7 6 9 2 5 3 8 0 7 8 6 4 4 4 8 3 0 1 5 8 2 0 8 3 6
 -3 -19 -27 0
 10 22 30 0
 -5 -30 23 0
 17 12 -9 0
 3 -22 5 0
 -35 7 -3 0
 17 4 28 0
 29 12 -2 0
 40 13 -39 0
 36 13 -10 0
 2 38 -32 0
 -14 -4 -31 0
 -19 -6 -25 0
 13 -5 6 0
 -30 -33 23 0
 -18 -23 2 0
 20 -36 30 0
 19 17 -28 0
 36 3 6 0
 30 18 32 0
 -5 -31 17 0
 31 3 -13 0
 -17 -9 22 0
 -21 -26 -6 0
 31 -28 26 0
 -25 -20 31 0
 24 29 26 0
 34 -8 -24 0
 -28 36 -30 0
 -13 31 23 0
 -29 -13 24 0
 11 -2 -10 0
 22 28 32 0
 -17 -9 38 0
 -24 10 -33 0
 23 22 -12 0
 -18 29 -31 0
 31 -12 -20 0
 -10 -23 21 0
 -7 -33 -13 0
 -20 -39 -26 0
 15 22 -5 0
 -16 40 36 0
 -24 -39 27 0
 30 29 33 0
 -29 17 13 0
 26 -33 -7 0
 -35 32 36 0
 -5 -31 -32 0
 -23 -2 -17 0
 -33 15 17 0
 33 30 39 0
 -16 5 21 0
 2 19 20 0
 21 -9 -25 0
 16 36 22 0
 1 29 23 0
 18 -34 -27 0
 6 -29 23 0
 -4 -31 -20 0
 7 -38 -40 0
 38 17 18 0
 34 15 39 0
 -30 13 14 0
 -37 -39 23 0
 36 25 27 0
 -31 24 34 0
 1 40 38 0
 -9 -19 -37 0
 -34 -1 -40 0
 -22 40 2 0
 -11 -28 33 0
 -33 20 35 0
 -30 28 -37 0
 -21 22 15 0
 26 18 15 0
 -11 -22 15 0
 14 5 1 0
 -3 37 9 0
 -27 37 -28 0
 24 40 13 0
 -32 -23 9 0
 2 9 5 0
 -32 15 38 0
 -25 -5 14 0
 -35 -17 16 0
 -14 32 38 0
 27 -4 15 0
 20 19 40 0
 11 -6 -40 0
 12 -14 -18 0
 7 -12 -13 0
 -25 -7 -23 0
 -16 39 -9 0
 10 -30 29 0
 -18 22 27 0
 18 -32 -14 0
 -33 37 -9 0
 26 22 -12 0
 35 2 -17 0
 40 35 -30 0
 -25 30 24 0
 -7 26 34 0
 9 -11 27 0
 -21 -15 -18 0
 14 32 21 0
 20 25 -35 0
 28 -12 -18 0
 1 16 -39 0
 36 -22 -7 0
 28 6 -15 0
 -36 -31 39 0
 -37 33 -28 0
 16 -13 8 0
 -30 -21 1 0
 -24 11 18 0
 9 27 29 0
 34 -19 -38 0
 -14 -26 17 0
 6 27 -28 0
 5 -3 -17 0
 -40 -38 39 0
 -19 30 28 0
 -8 -24 -29 0
 24 31 7 0
 -1 13 -32 0
 2 -25 -4 0
 -14 -6 -38 0
 -29 19 -18 0
 -34 27 17 0
 17 5 11 0
 11 15 32 0
 21 14 -19 0
 26 27 -16 0
 -2 -8 -3 0
 -20 -10 7 0
 -25 -20 -37 0
 16 4 5 0
 -7 -33 -40 0
 26 -33 -22 0
 2 9 -6 0
 11 -33 -39 0
 11 37 -4 0
 -32 26 -10 0
 -3 -6 -25 0
 -6 -34 13 0
 -31 6 -15 0
 23 -24 -28 0
 13 30 27 0
 -38 2 37 0
 -18 -31 -15 0
 -15 -17 1 0
 -10 -13 25 0
 30 36 15 0
 24 -21 31 0
 19 -6 16 0
 23 12 -28 0
 38 -29 -8 0
 29 -19 -11 0
 32 21 30 0
 1 29 21 0
 22 -30 18 0
 17 13 -10 0
 -7 10 -24 0
 24 -34 -40 0
 -31 4 -21 0
 -6 32 17 0
 32 -39 -36 0
 -16 32 34 0
 -23 -22 -34 0
 31 -27 22 0
 32 -18 38 0
 28 22 -36 0
 -40 20 -24 0
 -23 -28 -2 0
 -1 21 -8 0
 -21 -37 32 0
 -39 -23 -20 0
 34 11 20 0
 28 -6 -20 0
 27 11 7 0
 10 38 23 0
 28 14 35 0
 28 -27 30 0
 2 6 3 0
 -25 5 14 0
 24 -30 -37 0
 -7 25 -31 0
 25 18 -9 0
 25 11 -17 0
 33 -9 -37 0
 -14 16 -3 0
 5 -15 -16 0
 -11 29 -33 0
 7 -39 -3 0
 -30 -17 -23 0
 26 20 -28 0
 -16 33 -25 0
 18 35 25 0
 -21 -38 6 0
 32 36 1 0
 -40 3 -15 0
 31 39 9 0
 4 -17 32 0
 -18 30 28 0
 9 -8 -26 0
 30 7 15 0
 -35 10 -12 0
 -32 2 35 0
 32 -28 -18 0
 31 -22 -13 0
 -34 9 36 0
 -10 -31 -32 0
 10 -27 -9 0
 -30 -8 25 0
 29 -6 20 0
 7 40 -18 0
 -30 22 8 0
 -23 -36 -1 0
 -16 -25 -19 0
 4 -36 38 0
 -7 -10 20 0
 -20 -14 36 0
 21 1 -20 0
 17 -19 -6 0
 -28 24 -40 0
 -1 39 34 0
 27 10 -15 0
 -18 17 -13 0
 -13 -31 25 0
 -34 -5 -18 0
 21 -40 6 0
 -3 30 -39 0
 21 -8 38 0
 7 -36 -25 0
 -14 -25 -18 0
 40 -27 -3 0
 -38 37 6 0
 -40 32 -2 0
 10 28 15 0
 -23 -22 4 0
 31 30 32 0
 -39 27 -28 0
 -38 1 31 0
 -21 40 -20 0
 -33 34 2 0
 26 -4 -3 0
 20 -27 8 0
 -33 -6 15 0
 -25 14 -1 0
 -33 -38 22 0
 -32 20 39 0
 8 35 -28 0
 -5 -1 -20 0
 -27 12 37 0
 -5 -37 4 0
 32 -13 29 0
 -15 17 9 0
 -29 -2 3 0
 -4 -29 -23 0
 -4 -9 -18 0
 -28 4 9 0
 -37 8 -22 0
 -23 -8 6 0
 40 -2 18 0
 -14 38 31 0
 27 -31 -34 0
 -31 -35 27 0
 -30 17 9 0
 -14 -6 39 0
 36 12 10 0
 -34 -5 -36 0
 30 -1 5 0
 2 -21 40 0
 -37 20 23 0
 -17 22 -3 0
 36 -28 -22 0
 26 17 -40 0
 -6 26 -11 0
 -40 9 16 0
 9 -39 37 0
 14 -27 -9 0
 10 21 14 0
 13 -36 -8 0
 -7 -2 8 0
 -2 38 -21 0
 38 -36 9 0
 -37 25 -6 0
 28 -12 7 0
 7 -8 34 0
 -39 8 -24 0
 -25 32 -35 0
 23 -20 -26 0
 31 13 -25 0
 7 29 2 0
 36 -27 -18 0
 -31 -26 6 0
 12 -24 39 0
 -3 9 -16 0
 16 14 -39 0
