p cnf 40 200 100 2
3 7 1 7 5 8 4 6 2 6 8 6 3 4 1 5 4 1 3 4 0 5 4 4 4 0 0 8 5 8 2 9 4 5 7 2 7 0 0 8 4 3 7 6 8 6 7 9 7 0 3 1 6 1 2 0 8 5 9 2 4 1 9 7 3 9 2 6 1 8 7 1 9 1 1 0 7 8 0 5 3 3 5 2 5 4 6 4 7 7 6 8 8 4 6 1 9 2 8 3
1 6 1 0 7 8 3 4 8 5 6 9 3 9 9 5 3 9 8 0 4 5 5 1 5 6 1 0 2 3 8 3 4 8 1 0 2 9 1 6 7 6 9 1 3 3 8 4 3 8 5 9 2 3 0 3 2 8 4 9 2 3 1 6 5 2 4 8 8 5 1 5 1 1 3 5 0 7 5 2 0 6 9 5 4 8 7 6 9 0 2 9 7 5 7 9 2 4 0 0
 -18 12 -22 0
 -2 -18 -40 0
 -11 -23 24 0
 25 12 10 0
 -28 9 15 0
 23 -32 27 0
 -13 -30 -38 0
 -7 -37 -22 0
 6 16 -26 0
 20 -3 39 0
 -35 -22 31 0
 -36 -24 -6 0
 2 27 36 0
 32 5 -13 0
 14 -13 29 0
 -33 -16 21 0
 17 -28 -23 0
 -25 17 24 0
 25 -38 -12 0
 -19 -11 -27 0
 -10 27 -7 0
 -6 -14 -16 0
 -32 -3 1 0
 -11 -32 39 0
 37 18 -39 0
 -14 34 -1 0
 -3 8 -15 0
 11 18 -26 0
 32 11 -37 0
 -38 23 -34 0
 6 39 -21 0
 -14 -4 2 0
 -13 24 38 0
 -12 -18 31 0
 38 40 33 0
 8 40 25 0
 -19 -17 -24 0
 6 9 -39 0
 -20 15 -7 0
 -37 -12 19 0
 39 -12 17 0
 27 30 -8 0
 32 39 18 0
 -6 1 17 0
 -38 -35 -16 0
 -15 37 -23 0
 5 13 -16 0
 -17 20 -39 0
 -10 8 -7 0
 10 -40 -24 0
 -14 26 -16 0
 -18 -11 38 0
 6 4 -26 0
 39 -21 30 0
 14 4 35 0
 -30 21 -4 0
 -10 39 -7 0
 28 3 -33 0
 -35 -5 9 0
 40 18 24 0
 36 27 33 0
 20 -19 12 0
 15 -9 -2 0
 -22 15 -9 0
 -25 -36 -3 0
 -6 -13 35 0
 24 15 23 0
 31 -7 -14 0
 -1 37 -38 0
 -24 29 25 0
 11 -7 33 0
 28 29 5 0
 -14 -21 -11 0
 30 -39 -34 0
 11 8 -40 0
 3 -2 -22 0
 32 40 36 0
 31 18 -8 0
 24 -22 36 0
 -17 20 -8 0
 14 24 4 0
 -26 -3 -30 0
 34 33 23 0
 -20 35 -31 0
 9 -32 20 0
 -29 28 -2 0
 4 -22 40 0
 -17 30 -3 0
 -22 -29 15 0
 10 7 -12 0
 32 -26 -39 0
 13 22 -36 0
 -37 14 -31 0
 13 31 -27 0
 -38 -9 8 0
 -22 -21 34 0
 11 20 -1 0
 -12 2 27 0
 -8 -23 -14 0
 14 2 -24 0
 -13 -11 -10 0
 -13 -36 -35 0
 -4 -12 -30 0
 -20 12 30 0
 -33 11 27 0
 -35 -25 -37 0
 -19 11 13 0
 -13 -32 36 0
 -33 -37 -14 0
 -22 -25 33 0
 38 -33 -2 0
 22 -40 -25 0
 6 -40 -7 0
 -26 30 5 0
 24 9 -11 0
 -32 14 -26 0
 19 -11 40 0
 -38 -22 36 0
 16 -6 33 0
 -31 -30 -22 0
 -30 26 23 0
 19 38 36 0
 19 31 -3 0
 -13 34 17 0
 -4 -17 11 0
 21 29 28 0
 15 -30 -24 0
 16 -38 24 0
 23 -29 28 0
 35 3 -40 0
 -34 11 -37 0
 -35 -19 -14 0
 29 3 15 0
 30 19 35 0
 33 -1 -7 0
 21 2 7 0
 36 -13 -20 0
 6 -9 18 0
 -2 18 -11 0
 -13 -8 -25 0
 39 13 21 0
 22 19 24 0
 -4 -24 30 0
 -1 -4 -35 0
 -31 -37 9 0
 -16 -21 -1 0
 -35 37 -22 0
 -19 -38 29 0
 -23 -21 -29 0
 32 1 -35 0
 16 11 -18 0
 33 27 -37 0
 1 -18 -11 0
 -14 36 -34 0
 19 -32 -38 0
 21 3 -22 0
 -39 21 -28 0
 -33 -19 -17 0
 -33 -21 -26 0
 10 -6 2 0
 -4 20 -22 0
 31 -25 33 0
 10 1 -23 0
 8 -26 -36 0
 -36 2 25 0
 -23 -24 -28 0
 -11 -2 18 0
 15 -36 18 0
 8 6 29 0
 18 24 -15 0
 -10 -35 -20 0
 33 -9 -20 0
 -1 -2 -24 0
 -32 34 -19 0
 10 -24 -35 0
 -6 -32 -12 0
 16 31 37 0
 -28 -33 5 0
 16 -38 -8 0
 -28 -11 2 0
 18 35 -30 0
 -38 -15 -35 0
 -4 -27 -35 0
 -14 -32 38 0
 17 -18 -29 0
 -24 -26 -5 0
 21 14 29 0
 -19 7 -28 0
 14 -12 -36 0
 11 10 39 0
 17 -38 -13 0
 -33 -32 -5 0
 -22 2 36 0
 10 38 -31 0
 -8 3 -26 0
 -12 21 -4 0
 34 17 -21 0
 -33 -7 12 0
 -24 8 12 0
 -33 12 2 0
 14 25 -10 0
 -25 3 15 0
 24 17 -22 0
 -2 7 35 0
 29 5 -30 0
 -21 19 -31 0
 -5 24 -18 0
 40 -29 -23 0
 -36 22 13 0
 40 -12 25 0
 -16 8 -15 0
 -9 37 -24 0
 34 35 -17 0
 24 -10 -22 0
 16 23 -36 0
 -22 16 -35 0
 16 -7 -28 0
 30 17 4 0
 38 -12 -9 0
 -28 -32 4 0
 -8 20 -2 0
 30 -1 2 0
 -7 -20 -40 0
 -12 -30 34 0
 -11 -31 20 0
 -33 -3 -29 0
 -32 13 -6 0
 -38 -7 15 0
 -30 25 -36 0
 -1 -27 -39 0
 8 40 -32 0
 -23 15 -14 0
 12 8 24 0
 17 -35 -8 0
 7 15 -30 0
 24 -28 19 0
 35 -28 -12 0
 -14 -26 -13 0
 -33 -17 14 0
 -13 26 33 0
 -8 -16 38 0
 -23 -31 -28 0
 4 -13 15 0
 -28 -38 -36 0
 -40 -35 11 0
 -33 -1 2 0
 11 23 39 0
 35 14 37 0
 10 17 38 0
 5 -12 -34 0
 -3 -26 39 0
 -7 -22 28 0
 1 14 12 0
 36 15 7 0
 -34 30 -14 0
 -34 -35 -15 0
 -16 -13 40 0
 -1 -33 -14 0
 -34 -15 -17 0
 -7 -39 4 0
 -22 31 23 0
 15 -26 3 0
 13 -6 -23 0
 -18 -34 -30 0
 33 35 21 0
 18 34 -38 0
 11 37 12 0
 -18 -6 29 0
 23 -9 -7 0
 -15 20 -14 0
 -37 32 -10 0
 -33 -32 -15 0
 -13 20 12 0
 -16 29 -6 0
 34 -8 -15 0
 -30 -12 -40 0
 -8 -24 -3 0
 -10 18 19 0
 -10 37 -19 0
 37 33 -9 0
 33 -18 16 0
 -15 -12 -18 0
 10 18 25 0
 40 20 25 0
 40 -2 -9 0
 32 -29 -22 0
 -24 -26 -4 0
 4 20 21 0
 -39 -24 32 0
 -25 33 -19 0
 -22 37 -34 0
 -4 24 -13 0
 -16 21 -1 0
 -30 7 37 0
 -39 -20 22 0
 -29 18 -35 0
 -2 -18 14 0
 -24 11 39 0
 -13 14 12 0
 34 2 6 0
