p cnf 40 200 100 2
3 6 2 6 5 4 4 3 9 8 1 1 6 7 3 4 4 7 4 0 4 6 5 8 6 8 9 8 9 8 9 1 7 6 9 3 0 4 5 7 6 3 1 5 0 7 5 7 2 9 5 2 2 4 2 1 2 0 3 5 2 8 8 0 9 4 2 9 6 3 0 6 6 4 6 9 2 7 1 7 1 4 5 5 7 8 3 8 8 7 8 7 4 0 9 7 8 7 1 5
4 5 8 7 9 3 4 7 5 0 9 5 4 0 0 8 3 8 2 6 4 2 1 0 3 0 4 8 7 2 1 2 2 3 4 8 1 0 0 5 4 0 1 1 8 2 5 4 8 9 4 5 8 4 4 4 5 9 4 3 8 3 9 8 0 1 2 2 1 3 4 4 4 2 5 6 6 5 6 5 3 1 3 4 9 6 8 8 3 8 5 5 8 4 7 8 9 9 5 0
 -26 -40 24 0
 16 2 3 0
 -40 -30 26 0
 -33 -32 -35 0
 -10 25 1 0
 28 -12 -4 0
 -25 -1 -4 0
 8 -12 14 0
 -36 -27 -9 0
 30 -27 -12 0
 -39 -14 -24 0
 2 -15 35 0
 -22 -13 -31 0
 -23 29 27 0
 20 36 -10 0
 10 31 -18 0
 -17 -40 -16 0
 -34 6 -33 0
 12 17 -19 0
 -1 4 21 0
 34 4 -8 0
 9 12 24 0
 2 13 -27 0
 1 -33 32 0
 -40 36 -4 0
 -8 -17 16 0
 -26 -7 -9 0
 21 -20 4 0
 -32 -7 26 0
 -35 -4 26 0
 34 35 12 0
 -21 35 -23 0
 -16 -12 9 0
 -34 -21 -40 0
 34 -23 -14 0
 -37 -15 8 0
 -6 33 -13 0
 -18 40 11 0
 10 -29 -39 0
 -27 31 8 0
 -24 -33 -28 0
 38 18 28 0
 -19 5 -39 0
 34 -38 -40 0
 26 22 30 0
 -36 18 7 0
 4 -1 28 0
 -11 -22 25 0
 -26 37 38 0
 5 -12 -31 0
 -7 17 6 0
 34 -3 36 0
 -16 30 33 0
 29 6 23 0
 40 34 36 0
 37 32 24 0
 26 -2 -33 0
 -24 -29 37 0
 -28 -3 -23 0
 26 -19 8 0
 32 -7 -8 0
 15 28 6 0
 14 -5 40 0
 3 -19 -28 0
 -16 -31 -25 0
 32 -25 -3 0
 13 37 19 0
 -15 -28 3 0
 -39 9 32 0
 -4 22 13 0
 23 -1 8 0
 28 9 1 0
 9 30 -33 0
 36 -20 32 0
 27 15 -5 0
 -18 16 -27 0
 -26 -6 -10 0
 -17 -3 -38 0
 -7 13 21 0
 -4 1 -31 0
 -10 -12 -26 0
 11 8 -36 0
 10 -28 -1 0
 39 -27 -15 0
 -10 7 -30 0
 23 22 -39 0
 -29 -21 -37 0
 21 6 -19 0
 23 -32 37 0
 -26 18 5 0
 -37 14 -39 0
 2 12 -3 0
 13 22 26 0
 -36 16 -19 0
 27 -18 15 0
 11 12 36 0
 2 -25 22 0
 28 -21 33 0
 39 20 28 0
 -22 31 -13 0
 -32 -17 10 0
 -31 -40 -13 0
 32 4 -18 0
 -1 -39 -18 0
 -1 29 13 0
 6 26 4 0
 2 -39 -17 0
 -3 30 -29 0
 -24 37 -21 0
 34 -29 -5 0
 -7 -4 -5 0
 -15 12 -2 0
 8 5 6 0
 -15 26 -6 0
 -27 9 13 0
 -15 21 -25 0
 -7 17 -32 0
 -20 -33 4 0
 26 18 22 0
 -14 40 -22 0
 5 -25 24 0
 -2 -17 4 0
 -12 -33 -19 0
 30 7 33 0
 -9 -19 38 0
 25 18 35 0
 -32 -30 3 0
 -28 -33 15 0
 40 13 21 0
 7 -38 -14 0
 -23 4 5 0
 20 31 -39 0
 -25 -32 31 0
 28 2 -23 0
 13 -8 -26 0
 -7 27 -19 0
 -9 -6 -25 0
 -17 -15 25 0
 -4 -14 26 0
 16 14 10 0
 28 37 8 0
 -5 10 -26 0
 -4 -14 23 0
 38 -2 -20 0
 21 -37 16 0
 -40 -30 10 0
 -10 21 27 0
 -28 19 -38 0
 29 15 3 0
 33 -28 1 0
 -11 18 19 0
 13 -11 25 0
 -19 22 -4 0
 20 36 -21 0
 18 21 10 0
 14 4 -36 0
 -2 27 29 0
 -22 15 2 0
 -10 -25 -35 0
 31 -28 -16 0
 1 39 32 0
 -14 29 30 0
 -19 -24 -35 0
 -8 21 29 0
 11 -2 -38 0
 30 9 7 0
 16 -6 15 0
 -23 13 -24 0
 -40 -15 39 0
 -30 -20 31 0
 -1 -2 -4 0
 14 -39 18 0
 39 35 -5 0
 -36 -32 -15 0
 -25 5 -27 0
 39 -35 -26 0
 -40 -17 -11 0
 22 40 -9 0
 1 5 -14 0
 33 40 -24 0
 1 12 -30 0
 38 27 -24 0
 -4 18 24 0
 -18 -39 -25 0
 12 -3 7 0
 -5 27 -29 0
 6 36 20 0
 40 -9 19 0
 -12 21 -39 0
 33 37 -25 0
 -14 16 -4 0
 9 19 26 0
 33 -22 -5 0
 -11 -34 13 0
 -26 28 -5 0
 -23 -24 22 0
 -36 25 -6 0
 -11 -27 37 0
 -38 20 14 0
 31 22 14 0
 -36 -2 -38 0
 -4 16 -10 0
 9 8 -38 0
 17 36 -11 0
 19 10 13 0
 13 -6 -14 0
 38 11 7 0
 17 -27 -15 0
 -10 -30 33 0
 35 2 -16 0
 38 -35 27 0
 -15 35 -8 0
 -29 4 17 0
 38 2 16 0
 5 -22 1 0
 -29 -18 -36 0
 -4 -15 38 0
 1 15 -23 0
 26 -8 -20 0
 -11 9 -24 0
 -7 -8 39 0
 -19 25 -5 0
 5 -16 32 0
 -31 -28 -39 0
 10 -14 40 0
 -11 -30 -9 0
 29 31 22 0
 -20 -13 31 0
 9 -24 -28 0
 23 4 32 0
 37 -28 5 0
 9 -20 24 0
 19 -27 4 0
 -25 13 28 0
 -9 2 -30 0
 -26 27 36 0
 -3 22 -29 0
 -13 26 39 0
 -4 -5 -24 0
 -25 32 -1 0
 16 -23 -27 0
 40 -27 29 0
 -22 -25 -21 0
 34 -18 17 0
 -37 26 -30 0
 15 -27 -4 0
 36 -28 -23 0
 14 -38 -5 0
 -21 -20 27 0
 8 -13 -39 0
 4 31 -19 0
 12 15 29 0
 39 1 22 0
 31 8 -40 0
 -30 14 9 0
 20 14 -30 0
 -23 -20 -5 0
 12 -24 1 0
 -17 -15 1 0
 21 13 -18 0
 -32 21 12 0
 27 19 26 0
 -5 26 -6 0
 -37 31 -12 0
 8 26 23 0
 -40 -12 32 0
 22 -34 8 0
 10 21 1 0
 -40 32 -36 0
 -4 11 18 0
 11 18 21 0
 28 6 -2 0
 6 -17 -20 0
 -16 -20 30 0
 31 -21 -5 0
 14 -21 39 0
 -29 5 -21 0
 18 3 35 0
 18 -28 -15 0
 -35 -34 15 0
 -3 -20 -14 0
 28 -3 31 0
 21 -20 25 0
 -30 -6 18 0
 -11 1 -30 0
 39 30 -24 0
 -10 -30 -6 0
 5 -19 3 0
 1 9 -30 0
 38 3 -31 0
 -25 9 28 0
 -34 2 19 0
 -1 -17 9 0
 24 -35 5 0
 31 20 -15 0
 -11 4 17 0
 -18 -35 -6 0
 30 -3 8 0
 8 20 -27 0
 -21 6 -32 0
