p cnf 40 160 100 2
8 7 7 9 6 2 5 5 2 5 4 5 5 4 3 3 8 6 5 9 2 9 5 2 9 6 2 3 4 2 2 3 1 5 4 9 4 2 2 2 6 0 1 5 6 5 5 5 3 5 1 3 7 3 3 6 3 8 2 5 6 5 9 6 0 8 6 6 1 8 8 0 1 4 8 9 1 5 1 1 6 5 3 8 6 7 4 8 0 9 0 1 9 3 6 1 6 9 4 6
7 1 1 8 2 1 7 9 2 7 8 4 5 0 1 8 8 8 9 9 1 1 0 9 4 7 2 2 0 0 2 2 3 0 4 8 8 5 6 8 7 3 4 6 3 5 3 9 0 9 5 7 2 6 5 7 9 9 0 1 9 9 3 9 3 3 6 3 9 1 7 0 4 8 2 0 8 0 8 1 7 1 2 6 9 5 8 5 0 9 5 8 9 1 9 3 7 3 0 3
 29 -4 23 0
 32 16 -40 0
 -19 8 -18 0
 -37 -38 16 0
 25 18 5 0
 -33 -24 -36 0
 -1 13 14 0
 -31 -27 -21 0
 15 1 22 0
 35 21 34 0
 -16 -38 -35 0
 18 -27 31 0
 -28 2 -22 0
 -18 -3 14 0
 39 28 -2 0
 -9 38 -37 0
 -35 12 -32 0
 6 -24 32 0
 18 35 38 0
 10 19 37 0
 16 10 36 0
 -19 9 -17 0
 -7 -35 26 0
 19 -7 -32 0
 7 -16 -22 0
 3 30 36 0
 -22 3 14 0
 13 38 8 0
 34 14 -21 0
 -35 17 11 0
 -14 40 25 0
 6 -7 -16 0
 20 27 3 0
 33 -27 -19 0
 -34 3 32 0
 -26 -22 -25 0
 -18 -26 -15 0
 -37 20 -9 0
 10 -26 -4 0
 12 33 24 0
 -39 -13 -20 0
 -30 -40 -15 0
 8 -38 23 0
 -12 -36 -18 0
 3 -39 35 0
 27 2 13 0
 -29 -35 -19 0
 33 11 -6 0
 15 26 35 0
 7 30 -19 0
 -35 23 -25 0
 18 1 2 0
 -29 4 -1 0
 -40 16 -22 0
 38 -36 3 0
 -8 -11 -24 0
 -4 -21 -5 0
 -13 -12 17 0
 -9 6 24 0
 -36 -5 11 0
 -6 23 -9 0
 29 33 -31 0
 -11 39 16 0
 -40 11 10 0
 1 -10 30 0
 -13 -14 16 0
 8 27 -12 0
 18 -9 24 0
 18 6 12 0
 31 -23 4 0
 -13 -1 -28 0
 28 -32 -36 0
 26 40 -18 0
 -12 -34 -3 0
 -7 33 22 0
 -34 -5 -26 0
 33 -8 -12 0
 31 24 -26 0
 -18 -1 -7 0
 -36 -28 -39 0
 34 6 15 0
 26 -22 29 0
 14 19 7 0
 -35 -5 14 0
 -21 10 9 0
 -29 -16 37 0
 -1 16 -14 0
 14 23 -8 0
 36 -14 33 0
 30 -27 36 0
 16 -13 -38 0
 2 -33 -34 0
 40 25 7 0
 -3 -29 -9 0
 6 1 -16 0
 29 -9 40 0
 2 5 -6 0
 28 29 -4 0
 -30 10 -33 0
 12 36 20 0
 26 -6 4 0
 -29 -4 2 0
 -37 -21 -13 0
 -10 5 27 0
 -5 -8 28 0
 -32 9 7 0
 -21 7 11 0
 -4 -2 -40 0
 -2 -7 36 0
 9 34 31 0
 32 4 22 0
 -14 -16 38 0
 -9 -21 -27 0
 -28 -1 6 0
 15 -23 -9 0
 -34 18 -6 0
 -27 -3 -30 0
 39 9 -25 0
 -13 7 26 0
 17 -39 -16 0
 -6 2 38 0
 -35 -18 -19 0
 -8 38 27 0
 37 6 -30 0
 23 -39 21 0
 -28 -8 21 0
 19 -34 26 0
 1 -39 38 0
 -39 -10 11 0
 -28 20 -15 0
 35 6 25 0
 -35 28 30 0
 35 -33 -23 0
 6 -37 -1 0
 33 -31 28 0
 29 -13 16 0
 -9 13 -33 0
 30 -23 -29 0
 -37 -19 -35 0
 -4 1 -10 0
 27 -18 -23 0
 -23 35 -34 0
 36 -37 39 0
 20 6 2 0
 5 38 23 0
 -26 39 32 0
 6 9 34 0
 -27 -13 -23 0
 24 20 -26 0
 -2 12 10 0
 -24 33 35 0
 20 15 -11 0
 9 -23 3 0
 7 28 1 0
 -21 18 20 0
 -20 26 21 0
 38 -34 10 0
 6 16 -7 0
 -38 27 25 0
 -37 20 -24 0
 -20 37 -31 0
 -30 -16 32 0
 -12 -10 11 0
 39 -40 -13 0
 -30 13 9 0
 -20 4 15 0
 -23 32 9 0
 12 -31 2 0
 24 -25 -28 0
 27 -19 -11 0
 11 -14 26 0
 20 31 26 0
 -10 19 8 0
 23 -4 13 0
 40 22 -27 0
 1 30 -29 0
 -20 -10 22 0
 26 12 9 0
 26 -5 -22 0
 24 22 10 0
 37 2 17 0
 37 -9 6 0
 -14 -32 4 0
 -17 32 25 0
 27 -34 -2 0
 11 -13 35 0
 -30 32 -15 0
 -3 -27 -2 0
 37 -23 38 0
 -9 6 -11 0
 1 -25 -12 0
 16 -26 37 0
 35 -1 -16 0
 -11 -5 6 0
 30 -10 -3 0
 -20 18 9 0
 39 38 40 0
 -15 -1 -10 0
 10 37 16 0
 -2 -35 -34 0
 27 -30 8 0
 39 -9 38 0
 -39 35 -6 0
 6 -19 -16 0
 3 24 -35 0
 -23 -40 15 0
 -36 -32 -39 0
 -1 -25 36 0
 26 -32 -33 0
 -31 23 20 0
 21 15 16 0
 16 33 23 0
 9 20 8 0
 22 -6 -28 0
 -14 -12 -29 0
 22 2 -5 0
 7 -28 -4 0
 4 -32 21 0
 33 -27 -16 0
 -6 14 -24 0
 14 -11 35 0
 27 23 26 0
 -36 -15 -19 0
 -30 -15 -29 0
 -16 -39 -23 0
 -40 -6 -16 0
 -14 30 -18 0
 -5 26 13 0
 -12 -33 -22 0
 -8 31 -21 0
 -30 -6 15 0
 37 6 -23 0
 27 -36 26 0
 -34 -38 7 0
 5 21 6 0
 -40 7 39 0
 37 29 -16 0
 2 -9 -34 0
 11 -7 14 0
 -24 7 -34 0
 -35 10 34 0
 9 1 34 0
 -4 -21 13 0
 -39 -29 -17 0
 15 30 16 0
 38 -21 -19 0
 11 -8 -29 0
 -1 21 19 0
 23 -5 24 0
 16 -33 3 0
 -2 -8 -28 0
 14 -8 23 0
 -28 23 -5 0
 17 12 2 0
 -14 18 33 0
 -30 -11 -3 0
 -10 -7 34 0
 -11 20 -26 0
 -24 13 -38 0
 19 -28 10 0
