p cnf 40 160 100 2
9 8 0 7 1 5 3 6 8 5 8 7 8 2 2 4 5 2 8 5 1 5 2 0 7 6 1 7 6 8 6 3 9 0 0 4 1 5 5 0 7 4 7 8 8 4 3 6 1 2 2 9 6 7 7 5 1 1 1 2 6 1 2 0 1 6 9 9 4 3 3 3 8 5 3 1 4 3 7 0 7 2 7 0 6 7 7 9 6 6 0 8 6 9 0 5 8 6 1 0
1 3 3 4 8 5 3 3 1 6 0 9 0 8 6 5 3 3 6 4 5 7 6 7 2 6 9 8 8 4 9 0 9 6 2 4 7 0 0 4 0 2 1 5 1 4 6 5 3 9 9 4 4 2 8 7 7 1 1 6 5 1 3 5 8 3 8 1 3 2 2 4 4 4 4 0 8 3 8 9 5 6 2 7 4 2 8 6 2 9 0 0 8 0 3 8 4 1 2 4
 31 -39 10 0
 -29 -15 -37 0
 -36 20 -2 0
 -15 11 -30 0
 -29 -9 34 0
 -26 5 -27 0
 26 19 6 0
 7 35 38 0
 23 35 15 0
 1 -19 20 0
 20 -1 -23 0
 -11 -6 29 0
 35 -3 32 0
 23 -39 17 0
 37 -35 34 0
 -9 29 27 0
 39 34 18 0
 1 39 -30 0
 24 5 -34 0
 -24 -13 -14 0
 25 26 34 0
 -5 -19 -32 0
 33 -40 -36 0
 29 -10 15 0
 6 7 17 0
 -17 18 1 0
 23 19 -31 0
 -25 3 -16 0
 -17 -37 -10 0
 28 4 26 0
 12 10 -1 0
 -28 -17 -24 0
 5 37 4 0
 16 -27 -11 0
 -22 -29 -33 0
 -2 -16 37 0
 -10 6 -35 0
 -24 3 -11 0
 -8 29 -35 0
 31 -15 23 0
 -27 -5 34 0
 -38 9 -40 0
 12 -9 18 0
 24 -10 -20 0
 38 -15 13 0
 -40 32 12 0
 -10 -36 34 0
 23 7 32 0
 21 20 29 0
 33 4 -12 0
 -24 18 17 0
 33 17 6 0
 -12 40 -31 0
 11 23 -18 0
 21 -29 -30 0
 33 -9 -1 0
 -33 30 -23 0
 -7 -25 31 0
 -14 -22 37 0
 -13 -30 39 0
 -24 4 -11 0
 37 40 22 0
 -7 -14 -13 0
 17 5 -7 0
 39 14 -4 0
 -11 -22 -23 0
 10 28 -26 0
 -28 -12 -31 0
 -19 -17 13 0
 -11 -6 35 0
 36 10 -34 0
 5 -19 -17 0
 -19 31 9 0
 -18 20 10 0
 31 -32 -25 0
 -15 -31 -13 0
 -20 4 11 0
 5 -20 11 0
 12 26 -10 0
 3 -12 14 0
 37 -11 -32 0
 -10 17 -3 0
 -15 36 12 0
 33 39 -27 0
 3 -2 -26 0
 28 12 -23 0
 -11 -27 -18 0
 -31 -22 -28 0
 13 5 -39 0
 5 -26 22 0
 28 -16 -19 0
 25 -30 23 0
 11 4 36 0
 39 -13 18 0
 1 -34 -18 0
 7 -17 -12 0
 -21 -23 -2 0
 8 -36 39 0
 31 -32 -38 0
 -2 40 -31 0
 16 38 -24 0
 39 35 -19 0
 -16 -4 -25 0
 12 -26 38 0
 -26 -21 9 0
 28 21 -9 0
 -29 25 15 0
 5 17 11 0
 -7 -5 15 0
 -39 -30 12 0
 -12 39 36 0
 11 29 -15 0
 -19 -33 -1 0
 6 -1 35 0
 -27 7 -26 0
 -39 21 22 0
 -11 38 25 0
 -14 -40 -19 0
 7 -20 30 0
 -6 -11 28 0
 34 13 3 0
 25 -35 -29 0
 40 -37 19 0
 -38 -5 -24 0
 -13 36 -4 0
 -34 39 29 0
 3 17 -16 0
 -33 14 -2 0
 22 17 35 0
 13 29 -22 0
 -21 -5 19 0
 28 -20 -19 0
 -27 6 -39 0
 39 17 -8 0
 -38 -19 17 0
 21 -40 1 0
 -2 39 -14 0
 1 21 17 0
 5 16 37 0
 8 -4 7 0
 5 -28 12 0
 -15 26 -5 0
 27 -29 -24 0
 -29 3 -35 0
 -17 5 -21 0
 -10 -2 -33 0
 16 14 31 0
 25 28 -34 0
 -35 28 -1 0
 35 -19 31 0
 -14 9 -20 0
 -27 24 -7 0
 -2 40 -24 0
 9 -26 -31 0
 -5 -3 -2 0
 15 33 13 0
 10 19 35 0
 15 29 3 0
 -38 -39 -3 0
 26 -17 30 0
 -8 18 -5 0
 -37 17 31 0
 9 35 -25 0
 -25 29 -38 0
 -24 -13 38 0
 24 7 38 0
 26 -11 -32 0
 -11 -1 -3 0
 13 17 -27 0
 -11 23 12 0
 2 -13 -21 0
 -40 3 8 0
 28 19 -7 0
 17 -40 -26 0
 2 -4 -23 0
 -28 5 18 0
 -8 37 -9 0
 38 39 16 0
 40 19 20 0
 -37 24 19 0
 1 -37 26 0
 40 28 -27 0
 -8 -36 -17 0
 39 -27 37 0
 10 -27 -6 0
 -17 13 10 0
 -8 -7 32 0
 32 20 38 0
 3 -40 30 0
 -28 37 20 0
 -10 -17 6 0
 30 -16 -11 0
 -4 23 -15 0
 17 39 4 0
 3 -10 4 0
 27 20 2 0
 -34 -37 20 0
 -28 15 10 0
 -20 15 -6 0
 34 -14 -29 0
 26 -9 -19 0
 36 4 -10 0
 -5 19 -36 0
 -24 -40 -28 0
 11 3 -18 0
 8 -27 -7 0
 -11 35 -16 0
 13 29 21 0
 18 -32 -31 0
 -16 21 32 0
 33 34 24 0
 18 19 15 0
 -16 -12 11 0
 20 -15 -32 0
 -3 2 -28 0
 33 -22 30 0
 -12 2 8 0
 17 26 -33 0
 23 -25 -29 0
 38 1 -26 0
 40 7 -16 0
 12 31 17 0
 28 30 22 0
 -4 -40 -5 0
 -10 -19 20 0
 28 9 14 0
 22 31 30 0
 3 -1 18 0
 12 -40 37 0
 -9 -30 -11 0
 -17 30 -6 0
 -19 30 20 0
 -19 32 18 0
 -10 20 7 0
 -4 17 -20 0
 -7 -31 -10 0
 -25 -33 5 0
 -37 -18 40 0
 -29 19 -18 0
 -4 -22 13 0
 -7 -10 27 0
 18 17 4 0
 -16 39 7 0
 -40 -38 8 0
 -37 31 2 0
 -29 -28 -27 0
 -2 -39 -14 0
 16 24 -33 0
 5 37 8 0
 10 38 28 0
 -26 40 -2 0
 -19 5 17 0
 38 -1 20 0
 -32 -40 36 0
 -22 1 -9 0
 31 -1 -16 0
 -34 -2 21 0
 -22 -9 -31 0
 29 6 -39 0
 17 21 -33 0
