p cnf 40 160 100 2
0 4 3 8 9 8 2 0 4 2 8 2 4 3 2 8 6 6 3 2 5 2 2 4 3 9 7 1 0 1 1 2 8 9 6 3 8 4 6 5 5 0 8 9 2 9 3 4 4 0 0 7 2 0 2 3 7 8 0 4 3 2 0 7 9 8 2 7 6 8 4 7 2 6 0 7 1 4 4 3 2 1 1 8 8 9 2 3 2 1 8 5 2 1 4 0 4 9 5 2
6 2 4 1 0 3 9 8 5 5 6 9 3 7 5 6 3 5 4 4 3 5 5 8 8 9 2 7 6 7 4 5 8 8 4 2 7 5 4 5 3 6 4 0 3 4 2 2 1 5 9 6 7 5 7 3 3 9 2 1 7 2 2 5 8 9 8 4 6 1 1 9 0 2 5 7 2 9 2 3 6 0 7 5 9 5 2 2 8 5 6 2 8 8 7 6 9 8 8 4
 33 -1 16 0
 -20 -15 -8 0
 30 -7 -25 0
 -8 15 28 0
 -13 18 16 0
 -15 35 7 0
 6 -25 -9 0
 -30 -9 29 0
 12 -20 -40 0
 3 29 -7 0
 -1 -9 -8 0
 -7 14 4 0
 3 -22 8 0
 5 8 -33 0
 18 -16 39 0
 -2 21 29 0
 23 -15 7 0
 6 -37 30 0
 26 -4 -6 0
 -9 -20 -6 0
 25 29 -10 0
 -5 1 14 0
 -18 28 -16 0
 -38 15 22 0
 20 -13 11 0
 39 -40 29 0
 -1 6 3 0
 -10 -38 35 0
 6 7 20 0
 -37 15 6 0
 5 7 -21 0
 -27 -3 -32 0
 -7 30 13 0
 20 37 -9 0
 -8 -28 -12 0
 -8 -30 -37 0
 2 24 -16 0
 19 -28 27 0
 -23 6 4 0
 8 29 16 0
 19 -26 1 0
 -2 26 25 0
 6 -10 -13 0
 -25 -17 -32 0
 22 -36 31 0
 -2 -5 -40 0
 -3 -12 -6 0
 35 -22 30 0
 -23 32 17 0
 3 9 -36 0
 25 -9 15 0
 -34 11 -27 0
 31 -25 -28 0
 6 10 31 0
 -32 28 -3 0
 -39 25 7 0
 25 34 17 0
 -5 -34 32 0
 34 10 30 0
 -20 -26 -40 0
 12 5 -29 0
 17 31 12 0
 25 -20 -1 0
 16 -26 31 0
 -18 -39 -26 0
 19 25 28 0
 -37 4 16 0
 -2 -39 15 0
 30 -34 24 0
 -22 2 -24 0
 8 17 -12 0
 -15 26 12 0
 -22 6 -40 0
 -18 -11 21 0
 30 15 7 0
 -12 -14 -21 0
 -29 7 -18 0
 -39 -35 -36 0
 -9 20 32 0
 19 -1 -31 0
 39 13 -28 0
 27 5 -25 0
 -13 23 15 0
 -36 -38 -26 0
 -37 -17 -3 0
 -33 -21 19 0
 -19 21 3 0
 11 34 -14 0
 37 36 3 0
 -4 22 32 0
 22 -39 11 0
 -1 -27 19 0
 31 -20 9 0
 18 -16 -37 0
 2 9 -25 0
 -28 -30 -38 0
 25 -37 -13 0
 -15 18 -20 0
 -10 9 28 0
 24 -12 18 0
 -20 9 8 0
 22 23 26 0
 8 -32 -9 0
 -7 32 22 0
 -33 4 -40 0
 -14 34 40 0
 39 26 -33 0
 -33 15 -30 0
 -23 -19 26 0
 -5 17 -31 0
 -25 -16 32 0
 30 -7 -21 0
 22 -12 16 0
 32 -13 -30 0
 14 26 15 0
 7 31 -3 0
 4 16 -11 0
 35 -2 10 0
 -16 17 -39 0
 13 -16 -15 0
 -26 -13 -7 0
 24 8 -28 0
 -4 -24 1 0
 35 23 34 0
 20 -9 10 0
 -16 -33 -30 0
 26 -17 -29 0
 -33 35 6 0
 -30 -5 -6 0
 -4 16 30 0
 5 21 -40 0
 -35 33 -32 0
 16 -5 22 0
 -37 -40 -5 0
 -4 -40 13 0
 35 40 -2 0
 -26 2 20 0
 -19 37 40 0
 -28 -27 -1 0
 -19 -40 -22 0
 -18 15 14 0
 38 15 3 0
 7 -31 10 0
 34 -6 -22 0
 25 -33 1 0
 -15 -7 -40 0
 -38 -23 -11 0
 20 16 -13 0
 -29 23 -22 0
 -10 38 4 0
 26 15 30 0
 1 9 15 0
 -18 1 -26 0
 -17 -16 -8 0
 12 5 39 0
 34 25 -12 0
 -19 11 6 0
 -19 -25 -23 0
 -27 -38 -29 0
 7 -39 -23 0
 -40 -23 -5 0
 31 -3 -34 0
 2 17 -9 0
 -11 -29 9 0
 -32 -8 -22 0
 -13 -17 24 0
 4 5 -32 0
 -29 9 -2 0
 -32 28 -21 0
 -4 2 -34 0
 -27 23 -32 0
 12 -17 -40 0
 -40 32 1 0
 10 7 31 0
 9 -11 -37 0
 -14 -17 19 0
 5 32 24 0
 31 -25 -23 0
 -18 -12 37 0
 34 5 23 0
 -36 -17 -9 0
 6 37 -16 0
 31 -32 19 0
 -34 -38 21 0
 -12 -14 15 0
 -28 31 10 0
 -29 -12 -15 0
 6 -28 23 0
 -40 5 27 0
 -20 38 -29 0
 -34 -9 -23 0
 5 29 -38 0
 14 7 -1 0
 -15 -30 -20 0
 12 5 26 0
 -27 -18 3 0
 22 3 -26 0
 34 7 18 0
 -7 1 -10 0
 35 38 -2 0
 -6 -11 -2 0
 11 -25 -29 0
 38 17 -28 0
 35 2 34 0
 -37 -39 28 0
 36 1 33 0
 21 38 36 0
 1 -27 -23 0
 4 21 28 0
 10 31 7 0
 37 -3 24 0
 -33 -14 7 0
 -18 12 39 0
 -11 -16 6 0
 -25 11 5 0
 38 -4 20 0
 18 -26 -28 0
 -13 -14 18 0
 -13 -19 16 0
 -18 39 -9 0
 26 38 -13 0
 -39 23 24 0
 -17 34 2 0
 6 39 25 0
 23 -2 26 0
 28 -13 11 0
 39 -20 -34 0
 -24 21 -15 0
 -25 3 -35 0
 10 -21 26 0
 12 -39 -11 0
 -17 10 40 0
 1 -10 -2 0
 -12 -37 3 0
 -30 22 -40 0
 -6 -34 -1 0
 -2 -40 27 0
 -10 -17 -1 0
 37 35 -30 0
 33 32 -5 0
 22 4 1 0
 2 18 -7 0
 -19 -27 21 0
 12 -36 6 0
 -19 -24 -18 0
 -8 9 27 0
 -14 -31 8 0
 30 19 2 0
 20 -11 -30 0
 30 -14 -22 0
 37 -18 -17 0
 -12 28 35 0
 37 -15 -30 0
 -37 34 39 0
 23 -29 15 0
 -21 6 36 0
 36 1 40 0
 8 12 -39 0
 21 -24 -7 0
 2 -19 -34 0
