p cnf 500 2000 1000 2
4 4 0 5 8 9 2 5 8 0 8 9 4 5 1 2 5 9 3 7 6 0 1 0 1 4 6 4 1 9 4 1 3 3 5 6 9 8 6 2 7 8 7 5 7 9 6 0 3 2 6 0 6 1 5 8 3 4 2 9 2 2 9 7 4 0 3 9 0 5 2 9 8 0 4 0 2 3 8 2 3 2 4 5 9 5 3 7 9 7 0 2 7 8 1 4 7 3 1 0 6 7 4 1 2 7 5 9 8 9 8 7 5 1 7 1 5 0 4 7 0 7 2 1 6 2 6 1 1 9 0 2 6 0 1 2 9 9 7 4 5 4 0 2 6 9 5 0 8 2 5 7 3 9 9 2 0 3 6 8 4 6 6 0 6 8 2 8 0 1 8 5 7 1 2 3 2 4 9 2 0 5 2 9 8 1 4 1 0 6 8 6 8 8 8 6 8 6 8 7 1 2 4 9 0 9 1 6 1 8 5 3 2 3 7 9 8 2 1 1 0 6 0 3 9 8 0 4 3 6 5 1 9 2 0 3 2 3 3 6 6 1 2 8 4 5 0 0 5 2 1 3 7 1 6 3 7 7 0 5 8 7 6 1 0 9 0 7 2 5 1 3 8 1 0 4 2 3 3 7 3 0 4 1 1 2 4 3 1 6 7 3 1 7 2 3 1 4 5 8 7 1 1 7 2 4 0 6 4 7 2 2 3 4 6 0 4 6 1 9 5 3 6 1 6 6 7 3 3 4 7 0 3 6 1 1 2 8 0 4 8 5 3 6 7 8 2 9 4 8 9 4 3 8 6 6 4 2 9 2 1 4 9 3 5 4 5 8 2 1 5 2 4 8 1 4 3 0 7 2 4 9 7 3 0 2 4 3 8 6 9 4 0 2 2 5 2 1 7 9 0 5 9 2 8 0 2 4 0 5 2 3 9 4 5 3 0 0 6 8 5 2 0 5 3 2 3 4 7 6 8 2 0 7 3 5 1 6 0 8 0 1 2 3 8 6 4 5 9 3 4 8 5 9 1 4 5 3 3 7 5 9 1 3 5 5 3 8 6 7 6 8 2 7 9 8 6 9 3 6 2 3 4 6 2 8 4 1 5 2 4 9 4 8 7 5 9 6 7 2 3 0 4 0 9 1 4 3 9 4 6 9 4 7 2 4 1 9 1 6 5 0 2 3 2 7 1 0 3 2 7 6 5 7 6 9 0 4 6 2 0 8 9 6 7 4 7 0 6 2 2 7 1 3 0 6 2 2 8 9 4 4 1 0 9 3 7 1 2 5 0 8 1 1 6 5 9 6 2 2 1 1 3 3 0 2 9 3 3 1 9 5 9 7 6 2 2 8 6 2 3 8 9 9 6 9 8 3 0 0 0 4 7 8 5 2 3 9 3 6 6 7 6 6 8 4 0 0 1 8 5 5 1 3 9 9 0 8 0 8 4 8 0 7 6 3 2 6 2 5 7 5 3 7 2 0 8 0 9 0 8 5 0 2 1 0 9 7 6 7 6 2 3 7 8 3 0 7 7 3 3 8 1 3 5 2 0 7 0 4 4 5 3 6 7 6 2 8 3 5 4 7 0 6 6 4 3 2 7 9 2 0 5 8 1 7 7 8 9 5 2 4 7 8 8 9 1 3 6 4 9 9 1 1 2 2 2 7 7 0 4 4 2 1 4 1 8 3 7 7 4 3 1 6 1 4 6 0 6 2 0 2 6 8 6 3 2 3 9 7 7 0 6 9 2 1 1 1 0 2 2 5 4 6 9 7 4 3 2 9 6 7 0 5 4 0 4 8 8 9 2 5 0 8 9 2 9 2 2 8 9 0 5 2 7 7 1 0 7 5 2 5 1 7 5 4 6 6 6 6 4 6 2 4 4 3 2 2 9 6 4 4 9 3 5 5 5 1 9 2 5 0 2 6 0 9 4 0 5 4 6 0 1 2 9 9 8 4 0 3 1 3 5 1 7 3 1 7 9 2 4 7 0 0 6 6 2 8 3 5 0 2 9 8 6 2 5 6 7 6 6 2 3 5 6 4 5 1 6 7 9 8 6 3 1 5 3 9 4 9 1 2 1 1 9 4 0 6 2 4 8 5 5 3 4 6 7 2 0 4 7 8 0 9 6 1 8 3 9 5 0 7 3 5 9 4 8 8 3 1 3 7 0 6 4 7 9 4 8 9 6 0 3 3 9 1 4 0 8 7 0 5 7 5 1 8 1 9 2 0 5 9 4 4 1 1 7 1 5 6
9 3 0 9 7 5 0 8 9 6 4 1 0 4 0 8 8 3 7 9 6 0 6 0 9 0 2 5 9 6 3 6 0 9 0 6 3 2 7 1 3 5 0 6 5 2 5 9 1 4 4 8 2 6 9 6 4 4 0 0 8 2 8 1 1 1 5 9 7 4 0 4 0 9 4 9 5 2 2 1 0 6 3 5 2 0 1 5 2 9 3 5 7 3 3 7 2 8 7 7 5 4 2 6 1 0 3 4 2 5 6 5 6 9 3 1 2 9 3 8 7 4 8 3 0 2 1 4 6 4 3 1 1 6 8 4 7 4 2 9 9 6 8 2 5 6 9 0 7 1 7 9 9 2 5 1 6 5 0 9 3 6 9 4 6 8 6 2 0 8 5 0 9 0 8 8 2 1 0 6 6 6 9 4 6 2 5 9 2 0 1 9 2 4 4 2 7 6 6 1 2 9 9 9 2 5 0 2 0 3 1 0 6 8 5 8 4 0 8 6 0 3 7 4 1 8 3 6 9 1 8 7 6 6 3 4 1 4 7 7 1 0 5 7 8 7 5 9 5 4 2 3 1 2 7 8 9 0 2 3 3 1 9 2 8 9 1 5 1 2 0 1 7 5 0 8 3 6 0 3 0 5 0 1 9 5 8 3 1 8 4 4 3 6 2 9 4 3 2 0 8 3 8 9 3 9 2 9 8 0 6 2 9 8 3 7 8 8 2 4 6 0 3 3 7 5 9 7 1 2 0 6 6 9 0 2 3 6 1 7 0 1 8 2 2 3 0 2 8 7 3 7 9 5 2 6 5 3 5 0 9 0 6 8 6 4 1 5 6 2 2 6 7 3 9 8 1 5 2 5 1 9 7 2 9 2 6 1 6 1 3 8 5 5 8 3 7 2 6 3 5 1 9 7 3 8 7 6 0 8 6 4 7 1 8 6 3 5 9 1 8 0 4 4 9 3 5 1 9 1 3 4 1 7 6 5 6 5 8 9 5 0 7 8 7 8 8 3 0 6 9 7 1 4 5 5 3 8 5 1 6 5 8 1 3 8 8 3 5 9 9 1 4 2 5 7 4 1 2 8 7 9 5 0 0 0 7 3 6 1 2 5 4 6 3 0 3 6 6 4 8 7 0 9 8 6 9 7 0 9 0 0 0 3 3 0 3 6 9 8 0 9 0 0 5 1 4 0 8 1 1 5 8 3 7 4 0 7 3 9 6 4 2 8 4 9 5 6 7 4 5 9 8 4 3 3 7 0 1 9 5 1 3 7 2 0 5 3 7 3 0 0 5 2 2 0 9 5 4 6 0 3 9 7 8 0 2 8 0 4 8 8 0 6 0 4 3 4 2 8 9 9 4 0 4 1 7 5 6 4 4 6 5 5 5 5 6 5 1 3 7 9 3 9 9 2 5 8 6 1 8 3 3 0 4 8 1 8 0 4 7 2 8 5 4 9 0 7 3 8 1 1 3 7 6 6 2 6 3 9 7 2 9 4 0 9 4 0 5 8 0 9 5 4 0 2 8 0 8 6 7 2 1 9 6 3 9 6 5 3 7 4 0 5 5 1 4 7 2 2 1 2 0 5 4 0 3 6 8 7 6 5 9 3 4 4 8 1 5 8 4 7 7 7 6 1 7 3 1 4 9 7 4 9 2 0 2 6 5 1 3 4 6 0 5 4 8 1 1 1 2 4 7 6 7 4 5 5 3 7 5 8 9 6 9 0 3 2 4 7 3 2 8 0 1 1 9 7 1 2 8 8 5 5 6 1 7 1 8 8 7 9 8 1 1 2 2 9 6 1 1 3 1 4 1 7 1 9 7 6 9 5 1 4 4 6 3 9 1 8 4 4 2 8 7 2 9 0 0 5 4 3 8 5 5 2 7 7 4 9 5 2 6 9 1 9 6 4 1 7 0 3 0 7 2 0 5 4 6 1 0 7 2 5 5 9 6 1 6 3 2 0 7 6 0 4 2 1 2 2 0 8 8 5 6 3 3 1 9 4 4 0 9 3 9 2 3 9 8 6 5 7 7 4 0 2 2 4 7 9 9 6 8 9 1 3 1 2 8 2 5 3 0 2 9 2 9 3 7 6 9 5 0 8 4 5 7 8 0 8 0 7 2 3 2 4 1 6 4 2 2 5 2 5 4 2 8 6 9 3 2 1 9 7 9 8 2 4 6 3 5 5 3 1 0 3 8 4 6 3 8 0 3 8 3 5 7 0 0 9 0 5 0 9 9 2 1 6 4 6
 465 -386 135 0
 329 -174 356 0
 169 272 -431 0
 -222 -14 -194 0
 -4 -213 182 0
 -229 -43 -345 0
 216 145 322 0
 136 62 -43 0
 270 11 245 0
 4 -126 -73 0
 -88 -113 -409 0
 -220 -317 329 0
 -27 -436 -455 0
 127 275 263 0
 -313 -32 449 0
 -210 181 457 0
 -214 -455 484 0
 -335 404 -164 0
 380 489 -484 0
 -286 -386 335 0
 375 349 300 0
 421 64 -204 0
 -297 128 -347 0
 -100 344 -150 0
 -59 -76 -212 0
 -269 237 -318 0
 -192 148 -495 0
 125 491 -280 0
 -206 -121 149 0
 498 -376 264 0
 -445 443 423 0
 305 453 -479 0
 -434 -141 -43 0
 334 302 -469 0
 -398 87 320 0
 340 -12 -365 0
 -3 20 89 0
 377 -35 390 0
 34 -491 69 0
 105 -80 -488 0
 -293 -331 91 0
 -44 -445 -437 0
 248 -451 -326 0
 -435 207 388 0
 470 -331 -361 0
 -353 16 279 0
 142 109 459 0
 84 -305 71 0
 -90 -280 -268 0
 -126 227 246 0
 -83 -9 127 0
 204 -299 -492 0
 453 206 -10 0
 -489 450 -286 0
 -46 -218 392 0
 472 -402 187 0
 455 345 -447 0
 268 369 308 0
 184 -256 100 0
 133 -243 -167 0
 -421 457 109 0
 -138 -333 428 0
 -407 214 -388 0
 -20 -151 2 0
 -393 128 269 0
 443 475 348 0
 -94 365 363 0
 75 166 -214 0
 -225 -47 -232 0
 -457 -182 -57 0
 -204 -78 159 0
 220 236 450 0
 349 -296 394 0
 93 52 -40 0
 -5 -333 82 0
 -467 61 -273 0
 470 -247 -91 0
 396 -51 -104 0
 92 425 23 0
 272 463 479 0
 -258 328 295 0
 372 -421 -304 0
 329 473 228 0
 54 -234 -60 0
 -445 -350 491 0
 271 342 431 0
 170 14 -6 0
 176 -177 328 0
 -362 109 -57 0
 -308 -335 -309 0
 411 -368 -425 0
 -324 -182 -149 0
 -266 -199 302 0
 -348 442 268 0
 -394 43 -254 0
 -19 243 80 0
 -1 23 173 0
 -96 427 429 0
 -481 -358 -500 0
 -163 304 375 0
 187 -231 125 0
 375 -341 -75 0
 474 -414 401 0
 -8 -443 -398 0
 -179 -207 30 0
 473 -251 -309 0
 470 -42 65 0
 264 -468 302 0
 492 288 468 0
 283 -352 450 0
 -142 147 -47 0
 408 -390 152 0
 448 10 -197 0
 -305 81 -103 0
 92 -401 -431 0
 -147 400 -252 0
 407 -57 429 0
 -430 34 192 0
 -481 148 442 0
 124 466 300 0
 173 -147 50 0
 167 30 -12 0
 -450 -184 467 0
 357 434 184 0
 266 171 -231 0
 356 95 -473 0
 -271 252 94 0
 60 419 36 0
 330 -167 206 0
 31 85 292 0
 -283 -318 87 0
 -481 -44 126 0
 47 32 -21 0
 -36 -475 375 0
 -32 434 499 0
 -117 -136 -138 0
 -96 414 -334 0
 -3 337 231 0
 90 -159 305 0
 204 159 369 0
 -442 462 -412 0
 440 27 471 0
 -163 414 -243 0
 40 -234 67 0
 -358 -108 119 0
 -375 446 -116 0
 -461 -348 134 0
 -119 -241 -92 0
 299 -251 -479 0
 -299 130 -60 0
 329 368 -466 0
 273 -470 194 0
 364 -192 -260 0
 189 -123 458 0
 -49 -376 106 0
 331 -184 332 0
 -173 382 288 0
 222 -191 159 0
 489 -490 -439 0
 -425 110 -339 0
 88 -310 405 0
 216 491 -417 0
 100 -168 353 0
 56 -430 -217 0
 9 -270 64 0
 -460 -187 -489 0
 17 -91 -405 0
 -105 263 130 0
 -198 -294 123 0
 -170 35 -414 0
 -404 158 -310 0
 169 -233 -306 0
 -438 -11 415 0
 282 147 -473 0
 158 -470 -169 0
 -462 -71 -132 0
 -83 138 -222 0
 -141 -106 -99 0
 -496 464 350 0
 -130 372 -365 0
 493 -135 -239 0
 -136 243 -412 0
 -343 -148 207 0
 102 -259 -446 0
 256 -403 460 0
 494 -425 -397 0
 -488 -477 -143 0
 206 263 116 0
 415 493 -426 0
 434 426 16 0
 490 320 37 0
 206 -39 -144 0
 439 237 -329 0
 406 134 295 0
 -382 303 -153 0
 144 348 -341 0
 262 -397 140 0
 -58 -425 184 0
 258 15 159 0
 194 124 -87 0
 -272 -387 179 0
 -236 -198 -313 0
 -20 327 -430 0
 87 429 -405 0
 -182 283 -72 0
 -146 34 162 0
 286 359 -180 0
 -296 349 308 0
 -322 279 -104 0
 -442 -320 -481 0
 46 -416 -184 0
 468 -10 -477 0
 339 -443 -458 0
 -478 474 231 0
 377 104 -423 0
 -77 -21 46 0
 -237 -108 166 0
 118 -378 -8 0
 -376 339 -271 0
 86 197 234 0
 481 378 -72 0
 -349 -92 -343 0
 -475 -298 -27 0
 -489 96 159 0
 411 81 -219 0
 331 90 455 0
 -289 -411 354 0
 345 -233 43 0
 352 28 -292 0
 387 -70 -500 0
 128 -444 459 0
 18 347 218 0
 -485 58 500 0
 262 218 -106 0
 -175 365 -88 0
 -17 -236 -111 0
 -42 -294 287 0
 434 -387 -43 0
 42 -405 -354 0
 441 165 -182 0
 -114 116 271 0
 13 -265 -413 0
 -96 408 273 0
 245 -89 475 0
 -99 293 -389 0
 376 364 10 0
 -24 -348 71 0
 77 -183 -335 0
 20 64 -204 0
 -125 467 105 0
 133 237 -479 0
 -337 341 -61 0
 159 71 -233 0
 -214 57 -473 0
 -350 409 436 0
 330 174 53 0
 -119 170 -302 0
 348 193 -133 0
 249 113 -298 0
 328 413 -104 0
 -223 350 -483 0
 310 236 -172 0
 -240 -434 381 0
 -40 275 -141 0
 -205 207 114 0
 -217 78 -259 0
 -356 156 118 0
 -145 200 390 0
 423 37 -487 0
 28 -467 60 0
 -402 373 -60 0
 456 -484 358 0
 -381 -450 422 0
 153 382 -173 0
 -359 255 106 0
 -290 8 458 0
 -215 -442 486 0
 -383 8 325 0
 -216 154 107 0
 -72 -127 -137 0
 425 301 -389 0
 -201 111 60 0
 176 -91 -498 0
 -60 45 429 0
 181 -127 234 0
 261 -192 5 0
 -239 -189 -476 0
 -277 165 80 0
 -313 -467 -240 0
 227 334 467 0
 51 4 176 0
 238 -379 275 0
 -438 472 -455 0
 -10 -325 198 0
 -374 -191 -18 0
 127 243 36 0
 -186 414 -2 0
 -279 -129 153 0
 -348 29 -121 0
 -222 -227 234 0
 335 -389 69 0
 286 -290 -346 0
 -168 349 45 0
 412 464 -356 0
 28 253 -336 0
 435 188 -23 0
 117 153 -15 0
 -7 -156 281 0
 -434 427 -26 0
 447 -311 -17 0
 395 304 -120 0
 -343 131 -196 0
 -436 452 116 0
 6 -380 366 0
 255 432 -309 0
 296 392 -115 0
 486 437 -191 0
 -497 -418 181 0
 445 142 414 0
 -125 19 212 0
 368 420 -137 0
 119 -287 -169 0
 98 29 -392 0
 -208 -154 82 0
 245 102 351 0
 -361 438 -187 0
 -431 302 121 0
 226 -317 120 0
 55 -449 -140 0
 500 414 -194 0
 -208 183 -187 0
 -122 452 308 0
 -412 79 -189 0
 303 76 -185 0
 177 202 -476 0
 250 399 -233 0
 375 -463 218 0
 -265 -127 -407 0
 -432 466 489 0
 253 353 -208 0
 -52 -153 -200 0
 -488 198 236 0
 -285 -30 -141 0
 -211 332 -357 0
 -116 298 294 0
 -124 -82 320 0
 -323 221 -78 0
 256 424 -175 0
 168 173 -407 0
 -381 86 437 0
 383 447 292 0
 -140 -201 453 0
 346 57 287 0
 273 -227 -71 0
 -367 370 482 0
 -215 47 236 0
 374 57 -314 0
 -13 449 -443 0
 50 261 -92 0
 183 266 429 0
 63 268 488 0
 -417 185 -358 0
 476 -253 -407 0
 -283 -199 46 0
 -318 191 -15 0
 -193 -255 305 0
 -453 -127 316 0
 370 -109 419 0
 467 -445 -167 0
 331 25 -445 0
 162 -278 175 0
 -304 -461 33 0
 -313 -191 -492 0
 412 -64 -293 0
 -191 193 1 0
 -346 439 -21 0
 -405 -54 467 0
 -248 404 -55 0
 -29 282 14 0
 299 -164 -494 0
 240 147 -314 0
 402 55 -383 0
 -400 319 329 0
 21 72 -143 0
 325 -209 435 0
 -450 469 -78 0
 -298 -70 -129 0
 -277 -466 -189 0
 -392 65 -408 0
 458 -344 -201 0
 -231 227 -2 0
 -479 275 18 0
 -381 469 13 0
 56 -314 -204 0
 365 219 168 0
 450 -92 471 0
 66 -258 99 0
 461 409 -445 0
 167 447 37 0
 99 170 296 0
 -62 464 -465 0
 276 -317 -199 0
 -100 -295 79 0
 -224 261 255 0
 165 -421 -225 0
 -336 -436 -383 0
 -276 -396 -228 0
 -356 -127 444 0
 227 -452 -244 0
 -310 417 -75 0
 486 -194 32 0
 -387 241 115 0
 490 -336 309 0
 -51 136 -304 0
 -183 403 -465 0
 -238 273 29 0
 -46 295 -395 0
 -401 172 473 0
 -124 244 394 0
 -269 334 144 0
 117 -120 -91 0
 -336 176 460 0
 301 -228 22 0
 238 450 23 0
 -277 -498 -365 0
 222 -450 104 0
 348 -493 -166 0
 208 -416 443 0
 14 35 374 0
 -442 419 -57 0
 462 -485 -81 0
 -390 -145 -409 0
 197 230 -362 0
 -491 193 -235 0
 201 197 -250 0
 369 446 193 0
 188 380 371 0
 -117 303 -461 0
 338 -187 -209 0
 -123 -119 -409 0
 -399 305 475 0
 369 18 -270 0
 -134 -381 -390 0
 329 -195 432 0
 -109 310 324 0
 177 -297 -462 0
 -158 -60 461 0
 475 101 -317 0
 93 -439 451 0
 -270 423 185 0
 261 -134 -15 0
 -101 -120 242 0
 -4 51 190 0
 12 25 -6 0
 370 124 -462 0
 -416 87 -438 0
 349 247 343 0
 -23 462 -321 0
 401 -80 343 0
 -298 223 14 0
 32 188 -359 0
 -469 483 -88 0
 -387 -9 319 0
 266 494 90 0
 -493 13 -12 0
 -21 320 13 0
 -204 -44 438 0
 485 -119 130 0
 327 217 326 0
 244 -25 -133 0
 -387 230 -493 0
 -341 -224 -206 0
 177 273 199 0
 -61 350 368 0
 -388 11 474 0
 76 133 353 0
 -220 -96 256 0
 321 58 -367 0
 -144 326 433 0
 -308 -268 -417 0
 -494 -5 127 0
 290 -132 368 0
 -101 464 230 0
 -14 -294 148 0
 1 -264 208 0
 71 187 266 0
 445 -183 283 0
 492 -194 246 0
 470 -276 -255 0
 187 25 119 0
 240 -255 -66 0
 -279 400 -76 0
 54 122 6 0
 484 -5 153 0
 217 -105 -187 0
 -340 -66 -108 0
 -304 92 -54 0
 -247 10 279 0
 -336 190 -223 0
 353 118 -88 0
 483 323 60 0
 -265 -225 334 0
 8 -441 -189 0
 -396 -77 240 0
 22 110 213 0
 -398 -16 155 0
 274 23 -445 0
 -457 143 109 0
 485 -251 97 0
 -188 -82 -187 0
 222 -37 297 0
 -378 36 -271 0
 378 403 -191 0
 383 -453 410 0
 299 323 441 0
 244 183 -302 0
 -172 3 155 0
 477 194 -399 0
 -261 -338 -130 0
 136 -271 -210 0
 -383 300 -270 0
 -436 -160 -150 0
 428 -44 -500 0
 -362 -259 179 0
 42 -416 -107 0
 428 392 108 0
 455 244 -303 0
 -388 -454 -25 0
 259 -286 241 0
 -442 -159 -343 0
 -130 64 410 0
 -316 30 121 0
 475 364 95 0
 -292 463 206 0
 433 311 367 0
 -124 -464 449 0
 183 134 221 0
 324 -168 -440 0
 -131 -498 278 0
 -389 -82 439 0
 -92 341 -277 0
 143 157 -417 0
 -187 14 299 0
 -59 131 301 0
 -248 315 167 0
 -329 476 -288 0
 248 -266 326 0
 -180 316 -160 0
 -130 377 400 0
 -111 336 -245 0
 439 360 307 0
 44 -470 58 0
 333 -218 -171 0
 271 -219 -445 0
 424 427 86 0
 182 -76 38 0
 20 -270 38 0
 438 -163 -269 0
 494 -290 -325 0
 -380 47 212 0
 186 427 -288 0
 -7 -147 -350 0
 255 -205 289 0
 -488 -400 -148 0
 -12 -151 -469 0
 -152 -352 -416 0
 -262 139 494 0
 -357 276 -358 0
 171 -423 -41 0
 -58 -154 -233 0
 403 431 -262 0
 -218 448 146 0
 228 -353 -114 0
 457 -422 -464 0
 -264 175 15 0
 -41 -203 -249 0
 -386 85 -237 0
 -369 141 -205 0
 65 -171 -233 0
 -266 155 119 0
 437 -339 -9 0
 -498 -340 479 0
 252 -479 -408 0
 -70 -62 -422 0
 -467 376 -486 0
 372 263 266 0
 -320 292 -247 0
 -322 -206 -383 0
 -365 243 -311 0
 -360 -236 340 0
 -404 -411 485 0
 158 -275 -314 0
 198 -231 -240 0
 173 -88 -97 0
 427 426 18 0
 -46 -64 381 0
 276 -74 -82 0
 353 325 105 0
 281 346 -113 0
 395 -13 -241 0
 -401 412 -371 0
 -466 337 379 0
 192 -439 -409 0
 -180 29 -407 0
 268 430 325 0
 301 -181 -214 0
 -13 -226 -221 0
 391 -255 -153 0
 -328 -224 -463 0
 445 -124 426 0
 -403 -150 -353 0
 -428 -283 393 0
 -340 181 477 0
 390 -436 133 0
 223 -182 -361 0
 8 38 471 0
 162 -152 -453 0
 103 -299 3 0
 196 154 -475 0
 258 -478 487 0
 231 -493 -12 0
 394 -52 -298 0
 -92 -53 13 0
 -376 -169 -349 0
 201 -39 -225 0
 33 -143 377 0
 -311 -232 -6 0
 -412 399 71 0
 -310 4 -500 0
 73 188 -43 0
 59 75 -1 0
 -383 47 397 0
 8 -3 73 0
 241 -229 303 0
 -53 -378 178 0
 165 496 -161 0
 -81 -66 50 0
 -265 -128 329 0
 -174 -121 -360 0
 400 -83 -266 0
 151 204 412 0
 -392 -4 -274 0
 -208 350 -338 0
 294 464 190 0
 -228 -247 73 0
 -35 388 -128 0
 204 212 -58 0
 -376 131 99 0
 -325 -100 59 0
 316 126 405 0
 -409 -143 328 0
 109 -47 14 0
 -129 355 43 0
 -336 -381 357 0
 -71 -457 192 0
 231 95 367 0
 8 -431 154 0
 287 -403 234 0
 -333 -119 -278 0
 98 -263 -265 0
 -73 322 419 0
 -112 22 -296 0
 347 380 -60 0
 -181 221 -489 0
 -100 -158 -50 0
 -146 36 -302 0
 8 -338 -69 0
 54 -112 293 0
 162 496 236 0
 -415 -480 337 0
 198 -246 484 0
 -326 55 333 0
 -198 255 334 0
 296 490 111 0
 176 -19 -466 0
 -54 58 -287 0
 -32 -231 453 0
 -37 109 180 0
 -403 186 340 0
 -70 -104 43 0
 227 43 352 0
 -65 25 124 0
 -136 -14 438 0
 488 257 -463 0
 252 -378 -376 0
 467 -91 -225 0
 -182 -467 -281 0
 -306 -118 359 0
 298 419 415 0
 396 -156 -67 0
 -259 -427 367 0
 -48 -297 82 0
 205 434 324 0
 389 -211 -231 0
 -143 481 -360 0
 -16 -199 92 0
 196 -471 89 0
 -312 -258 -1 0
 209 32 92 0
 198 355 195 0
 -356 473 338 0
 -145 -191 -333 0
 494 -144 -161 0
 -362 20 462 0
 -245 178 -38 0
 467 -415 165 0
 123 157 49 0
 54 105 449 0
 -396 322 270 0
 311 -111 -38 0
 4 136 -181 0
 -41 312 492 0
 -367 172 -37 0
 -157 414 -398 0
 480 189 499 0
 187 -157 -213 0
 133 258 -378 0
 351 -149 81 0
 -117 -344 -138 0
 78 -313 433 0
 -58 -394 76 0
 112 -313 -133 0
 -257 265 347 0
 -76 -131 495 0
 365 101 -283 0
 292 -108 -322 0
 -209 -107 -283 0
 244 -140 -277 0
 -249 84 -353 0
 -128 -111 -436 0
 336 342 28 0
 288 -240 331 0
 2 109 -64 0
 316 322 280 0
 186 13 -137 0
 221 -180 277 0
 -461 433 -198 0
 57 -327 99 0
 95 375 132 0
 472 329 232 0
 -215 -450 -164 0
 114 -412 67 0
 12 388 372 0
 -169 -64 168 0
 90 -142 99 0
 -190 -413 -133 0
 464 -173 1 0
 320 90 293 0
 -174 -56 185 0
 -139 426 52 0
 192 -16 69 0
 387 339 23 0
 412 -121 -455 0
 -31 322 281 0
 -438 290 -349 0
 -131 -482 178 0
 183 -83 -13 0
 -43 -261 -89 0
 77 54 -246 0
 -459 36 120 0
 -128 -127 457 0
 -133 252 62 0
 481 106 -107 0
 397 -251 333 0
 63 340 295 0
 -443 -18 17 0
 -241 6 25 0
 -306 88 -24 0
 -497 371 39 0
 12 -493 -319 0
 398 192 -19 0
 380 226 287 0
 -33 -115 -200 0
 -307 20 406 0
 142 376 -491 0
 339 218 -251 0
 240 34 -4 0
 237 -433 319 0
 458 -338 -7 0
 -64 350 -483 0
 439 225 288 0
 445 319 -221 0
 -101 221 -420 0
 -147 -314 443 0
 -197 -499 160 0
 -233 148 212 0
 235 -497 249 0
 366 -293 349 0
 180 -128 458 0
 -406 435 15 0
 -78 -138 -342 0
 -263 -145 -111 0
 394 -246 -44 0
 250 153 77 0
 -254 415 171 0
 -478 344 426 0
 149 71 -108 0
 -473 77 -161 0
 -379 283 -200 0
 29 -8 269 0
 406 -484 -216 0
 283 417 231 0
 -12 479 154 0
 -500 -92 263 0
 201 -234 -489 0
 131 -446 -3 0
 375 174 427 0
 -388 271 267 0
 239 -134 251 0
 -321 -475 111 0
 139 -203 -431 0
 -416 134 167 0
 -19 488 -284 0
 124 -51 -295 0
 293 -235 -445 0
 -62 297 370 0
 403 -223 348 0
 -202 236 -373 0
 65 -311 135 0
 427 3 -261 0
 -33 -340 -28 0
 -42 -280 325 0
 240 166 -430 0
 -473 -450 -105 0
 494 -110 -233 0
 -80 -332 -104 0
 -397 403 -86 0
 -471 -169 -448 0
 75 -142 261 0
 193 -215 303 0
 124 285 91 0
 -62 104 -22 0
 36 -322 -352 0
 166 79 42 0
 162 412 -164 0
 224 60 -83 0
 134 83 -422 0
 427 410 -227 0
 207 30 427 0
 191 -46 38 0
 495 138 -395 0
 293 67 143 0
 -243 21 -426 0
 286 -345 -86 0
 -381 245 -449 0
 -261 474 -446 0
 187 -212 -432 0
 -104 450 59 0
 244 -56 -302 0
 491 -43 -65 0
 350 -199 -172 0
 495 -168 -227 0
 -413 12 150 0
 83 -261 145 0
 -164 383 191 0
 365 219 -456 0
 -206 96 394 0
 -59 428 70 0
 439 182 -14 0
 178 161 -227 0
 -59 32 271 0
 -277 -270 -354 0
 -413 -151 -149 0
 -335 275 81 0
 -233 -243 -134 0
 372 98 78 0
 -486 379 -124 0
 133 -194 205 0
 -384 -308 -265 0
 106 -97 -32 0
 295 -29 -342 0
 -199 -278 -129 0
 -73 -358 472 0
 68 314 452 0
 316 369 -165 0
 223 182 273 0
 150 -328 -411 0
 -304 204 466 0
 268 82 244 0
 116 217 -301 0
 240 2 -257 0
 -478 -274 337 0
 417 314 -121 0
 484 -121 -291 0
 92 497 -427 0
 25 456 -306 0
 495 -80 -327 0
 -144 224 -446 0
 -302 334 436 0
 -489 13 391 0
 218 -166 467 0
 -315 -11 -470 0
 434 -465 -166 0
 -227 95 267 0
 469 467 -210 0
 -141 -413 -138 0
 319 -256 275 0
 48 280 442 0
 86 468 77 0
 -283 -369 -97 0
 -163 142 -354 0
 -177 36 -386 0
 -138 126 -160 0
 186 -160 -399 0
 -291 13 40 0
 -118 -177 415 0
 -15 127 -360 0
 -245 -301 -316 0
 -242 190 -366 0
 76 -346 46 0
 -99 -159 193 0
 112 464 44 0
 -209 -410 -15 0
 -117 -409 -55 0
 469 -478 56 0
 162 273 -346 0
 201 -408 -444 0
 242 27 59 0
 196 433 307 0
 219 -20 -8 0
 -86 -475 -281 0
 -266 301 334 0
 -480 -73 172 0
 -255 -14 53 0
 -467 492 -489 0
 -122 317 405 0
 -349 -463 246 0
 -151 379 -153 0
 -295 209 -180 0
 210 350 -403 0
 254 251 -210 0
 -382 68 295 0
 -288 -408 -432 0
 -431 164 -220 0
 -53 431 305 0
 101 -194 26 0
 -60 -406 -44 0
 -10 424 -91 0
 -24 -274 -353 0
 -195 -23 -395 0
 202 -105 130 0
 -326 235 19 0
 -340 -426 -330 0
 -95 -132 -437 0
 275 158 40 0
 -62 -445 459 0
 -302 357 -284 0
 -269 170 -315 0
 -160 -487 -176 0
 -310 446 268 0
 -443 208 -69 0
 -14 -225 -28 0
 -198 -273 238 0
 261 -112 317 0
 -18 458 342 0
 -344 -468 385 0
 292 -82 -316 0
 -255 257 -267 0
 424 157 484 0
 168 263 84 0
 353 287 -139 0
 394 -142 111 0
 264 -278 -314 0
 58 94 67 0
 -273 -247 82 0
 43 -476 437 0
 98 -429 -458 0
 133 229 -23 0
 360 -467 -490 0
 -378 314 415 0
 -499 500 334 0
 128 425 359 0
 -241 -269 245 0
 -68 102 -309 0
 -438 20 -190 0
 -130 345 144 0
 112 -269 -169 0
 -79 -211 -298 0
 -377 -419 79 0
 -246 285 -417 0
 31 -102 -180 0
 248 -310 -404 0
 417 -248 -335 0
 9 379 -231 0
 117 -121 263 0
 -69 -53 12 0
 -386 485 170 0
 -500 497 -311 0
 -401 419 -354 0
 425 -256 347 0
 354 -477 -191 0
 294 -125 176 0
 432 -283 -292 0
 -22 -443 198 0
 -243 91 337 0
 266 -441 187 0
 -207 -357 -240 0
 199 75 -14 0
 -191 4 -412 0
 -403 1 275 0
 -283 20 -424 0
 -120 472 -470 0
 -453 -266 109 0
 341 460 -358 0
 389 -140 -51 0
 -250 265 473 0
 -494 -407 139 0
 -463 -155 -143 0
 -277 279 405 0
 234 -208 -95 0
 -344 359 -291 0
 411 -154 336 0
 98 484 -41 0
 317 -370 -461 0
 -272 190 -359 0
 -197 363 165 0
 467 -165 -101 0
 -38 -362 -72 0
 -84 -212 -183 0
 162 -51 15 0
 -478 55 226 0
 -110 -224 271 0
 -496 -57 77 0
 239 442 104 0
 -31 147 -491 0
 29 321 -19 0
 118 -265 382 0
 -492 -157 -257 0
 88 -490 -111 0
 -115 421 -4 0
 328 -217 -490 0
 -2 -282 231 0
 -148 -14 48 0
 -476 -279 142 0
 221 -92 404 0
 -28 -339 1 0
 -13 -24 -380 0
 -62 284 -101 0
 228 316 141 0
 262 290 264 0
 488 -476 -344 0
 -104 380 379 0
 -484 -190 362 0
 -336 495 -118 0
 -294 23 -318 0
 285 249 397 0
 -172 -367 -27 0
 -391 -489 -444 0
 -158 -44 35 0
 -136 -79 413 0
 -280 -224 306 0
 125 208 160 0
 -306 150 274 0
 -358 127 143 0
 289 333 231 0
 80 124 -118 0
 -302 -244 -318 0
 407 -192 465 0
 -303 190 39 0
 422 -145 264 0
 -401 -496 319 0
 -16 99 -168 0
 -13 2 -250 0
 343 143 -42 0
 -249 205 333 0
 121 -326 373 0
 -28 328 -173 0
 196 -354 -63 0
 445 -303 -176 0
 124 -398 443 0
 -101 299 268 0
 -447 145 -217 0
 -99 217 329 0
 -79 -483 11 0
 -67 -354 -192 0
 162 -170 461 0
 98 -188 127 0
 -253 -120 -309 0
 377 145 -16 0
 -214 -383 297 0
 65 228 471 0
 137 -174 -450 0
 -380 225 90 0
 480 -414 58 0
 70 36 105 0
 -143 135 234 0
 -244 362 -272 0
 196 -277 203 0
 466 409 444 0
 464 -244 327 0
 -66 275 -221 0
 62 -132 -320 0
 -324 -314 461 0
 -105 285 -280 0
 425 463 -2 0
 -469 -190 458 0
 -195 8 -159 0
 -285 -97 382 0
 -112 -367 149 0
 261 60 -38 0
 359 450 147 0
 431 279 300 0
 -10 -496 -74 0
 136 -304 -359 0
 -66 -321 435 0
 -18 204 161 0
 -4 -21 -307 0
 -18 295 -108 0
 123 -358 -4 0
 453 -81 -405 0
 -123 -425 479 0
 -27 -80 392 0
 -104 -203 -101 0
 148 -426 -246 0
 -58 179 464 0
 -194 1 5 0
 -62 -188 143 0
 359 -496 -154 0
 466 -372 -126 0
 -165 446 -9 0
 -283 -398 -468 0
 -287 -367 -42 0
 -486 271 306 0
 336 -297 113 0
 73 -87 -20 0
 161 333 -432 0
 -474 -409 -107 0
 -327 55 -488 0
 -380 -338 -457 0
 -463 246 10 0
 167 356 -475 0
 -170 173 392 0
 -275 488 167 0
 343 -358 -462 0
 66 -297 327 0
 409 219 45 0
 -425 -255 311 0
 267 246 311 0
 -232 -252 202 0
 -189 384 -80 0
 476 -464 -416 0
 -344 -30 481 0
 132 434 -497 0
 314 -300 -384 0
 184 165 -104 0
 -365 -250 24 0
 247 186 -22 0
 -306 50 270 0
 159 97 -92 0
 -416 -360 -373 0
 -73 -488 141 0
 -29 -221 351 0
 101 -312 -434 0
 -349 -204 139 0
 273 157 -209 0
 -108 263 -382 0
 118 -177 -485 0
 436 -361 196 0
 252 126 275 0
 -494 229 311 0
 417 64 -100 0
 -313 -70 468 0
 495 -303 289 0
 -295 -26 32 0
 -408 175 -4 0
 407 260 -421 0
 -209 -239 72 0
 -477 -219 416 0
 -391 369 -470 0
 476 442 34 0
 281 -463 500 0
 231 251 469 0
 454 343 156 0
 125 -133 -87 0
 -360 37 -287 0
 -338 -190 268 0
 -320 -155 243 0
 -387 147 177 0
 -259 -82 -86 0
 -70 310 161 0
 274 87 389 0
 -424 -157 -369 0
 344 -155 105 0
 270 397 154 0
 -41 356 435 0
 -232 -158 -129 0
 -323 380 2 0
 -379 130 166 0
 -108 119 -329 0
 395 -317 40 0
 184 47 -170 0
 -361 -448 110 0
 320 -203 399 0
 -154 -467 277 0
 -482 -91 -294 0
 196 -241 -227 0
 -451 350 -76 0
 -170 -289 108 0
 -82 40 311 0
 -412 -403 -475 0
 358 -2 -4 0
 441 217 -205 0
 -50 492 218 0
 443 -344 130 0
 -144 -297 -176 0
 -283 148 209 0
 322 -281 47 0
 136 -142 -273 0
 -383 -38 358 0
 -405 -364 -267 0
 -15 429 439 0
 449 -2 -458 0
 -220 262 269 0
 459 73 127 0
 -115 181 -172 0
 -24 232 -451 0
 440 335 -102 0
 8 -72 274 0
 129 -301 -391 0
 -95 -413 285 0
 193 -312 -391 0
 497 152 22 0
 -490 406 -287 0
 -495 224 464 0
 -463 -245 -465 0
 -223 167 287 0
 -138 31 323 0
 384 447 -350 0
 231 339 301 0
 52 42 -301 0
 -212 -126 320 0
 -364 -458 -97 0
 307 -414 390 0
 402 315 -146 0
 24 235 323 0
 -277 30 160 0
 -10 233 -425 0
 -138 -472 474 0
 -58 82 16 0
 200 26 490 0
 8 142 464 0
 -486 75 238 0
 -25 -21 -284 0
 72 -186 -116 0
 -329 191 190 0
 233 91 -440 0
 -253 -380 -477 0
 237 -51 66 0
 188 -90 -186 0
 -106 -392 455 0
 93 474 359 0
 265 255 -446 0
 -367 -56 -142 0
 461 -268 -118 0
 -171 270 166 0
 71 -177 -325 0
 330 -120 -156 0
 312 298 -53 0
 403 321 262 0
 -60 -404 377 0
 -414 -57 467 0
 -425 -463 55 0
 120 -159 268 0
 -13 483 29 0
 -243 486 60 0
 316 -150 397 0
 -179 236 175 0
 -331 69 -318 0
 242 43 -212 0
 -267 23 -358 0
 -369 -344 -258 0
 139 -371 -268 0
 -408 -289 376 0
 168 -286 244 0
 457 384 481 0
 49 196 19 0
 122 62 -440 0
 205 -167 -365 0
 -281 138 187 0
 121 -500 479 0
 -81 -61 -301 0
 -154 -287 -176 0
 -170 -57 343 0
 104 173 452 0
 -44 254 248 0
 275 257 185 0
 -9 351 257 0
 -462 -295 -364 0
 -164 -243 356 0
 301 332 -376 0
 -40 421 62 0
 148 -233 456 0
 324 -479 346 0
 365 -138 -435 0
 -209 -438 -191 0
 -103 -80 468 0
 -82 96 47 0
 -491 158 436 0
 -416 196 -90 0
 -230 -237 209 0
 -113 65 386 0
 -136 -8 -66 0
 -236 428 -370 0
 -309 -242 235 0
 225 -462 325 0
 -337 342 281 0
 -438 -244 -105 0
 369 -388 467 0
 79 -391 151 0
 427 240 -182 0
 306 -272 -363 0
 116 -200 485 0
 -31 474 448 0
 -348 58 -489 0
 -71 -477 227 0
 158 -353 -46 0
 -295 77 403 0
 -179 -288 129 0
 28 -43 372 0
 44 315 -452 0
 252 -388 -170 0
 471 -159 -197 0
 222 160 -81 0
 413 -323 -40 0
 -64 57 -464 0
 -488 -196 -300 0
 330 234 155 0
 339 51 210 0
 22 -163 -254 0
 -491 -296 495 0
 203 -116 365 0
 -400 201 -219 0
 142 437 490 0
 338 195 -336 0
 -31 -432 -75 0
 400 331 -281 0
 -188 209 -75 0
 228 303 293 0
 196 422 1 0
 175 254 -441 0
 -305 301 -135 0
 332 -73 99 0
 375 -303 72 0
 129 -109 383 0
 -33 -482 386 0
 227 189 -180 0
 54 319 347 0
 -336 -231 388 0
 -304 150 -158 0
 217 -413 -41 0
 -232 -473 -90 0
 -345 298 289 0
 269 77 242 0
 281 -115 -418 0
 -31 -375 -453 0
 -138 -336 479 0
 100 327 444 0
 164 -484 -7 0
 -122 127 -105 0
 133 215 -428 0
 17 -491 25 0
 129 217 109 0
 -6 -199 366 0
 79 285 11 0
 390 -158 -156 0
 -271 286 168 0
 -462 -51 -196 0
 -479 2 -105 0
 -348 -445 18 0
 -491 -490 359 0
 -311 455 314 0
 -459 136 380 0
 -255 -110 -61 0
 187 309 386 0
 -67 -56 -191 0
 66 254 -199 0
 -335 104 -13 0
 -206 -247 122 0
 188 -97 28 0
 -201 -152 48 0
 456 202 -317 0
 -415 -294 -183 0
 180 -138 -430 0
 472 264 142 0
 271 -310 156 0
 202 -10 497 0
 455 432 -392 0
 17 -362 -105 0
 376 -251 476 0
 239 -164 -69 0
 248 -334 287 0
 -345 -120 346 0
 331 317 257 0
 76 -243 426 0
 -78 440 363 0
 -163 -18 381 0
 133 244 307 0
 198 -437 496 0
 38 4 -444 0
 -260 -235 397 0
 -424 -29 -365 0
 443 375 -60 0
 -184 -128 -4 0
 11 238 -117 0
 -402 20 123 0
 18 -173 -138 0
 -34 -4 395 0
 233 -464 153 0
 301 434 -285 0
 314 181 -350 0
 129 464 112 0
 -397 384 297 0
 -41 -42 402 0
 -500 -139 -345 0
 -31 -136 -298 0
 92 10 235 0
 42 374 153 0
 180 272 -212 0
 -382 317 98 0
 -52 319 24 0
 -435 181 226 0
 367 -74 87 0
 -376 132 17 0
 173 496 155 0
 -86 494 56 0
 138 463 48 0
 159 282 407 0
 -50 -104 -425 0
 -16 -473 392 0
 74 -162 -379 0
 -287 -69 288 0
 -38 438 -464 0
 141 -375 52 0
 -442 -132 56 0
 215 -467 -271 0
 -286 -272 337 0
 -244 -200 -455 0
 109 279 -164 0
 430 329 359 0
 293 246 -90 0
 -246 230 396 0
 465 485 -64 0
 -387 -5 -136 0
 102 53 -413 0
 354 -201 -458 0
 472 213 164 0
 68 -412 92 0
 -426 257 376 0
 267 234 21 0
 288 336 111 0
 -149 -147 -183 0
 60 347 -98 0
 344 403 -257 0
 3 -240 429 0
 295 366 431 0
 288 -63 -338 0
 340 -62 -6 0
 113 -389 171 0
 102 429 78 0
 239 -287 -282 0
 -442 -105 -367 0
 465 130 -475 0
 461 -96 190 0
 -117 -128 -242 0
 5 -52 399 0
 -279 83 -242 0
 -236 39 383 0
 -156 497 78 0
 325 -212 -122 0
 273 -74 -291 0
 -313 445 39 0
 71 -347 -357 0
 -153 246 -16 0
 304 -369 -449 0
 75 161 427 0
 -345 -355 -245 0
 -255 -126 -478 0
 -230 92 213 0
 134 409 -47 0
 456 -77 385 0
 -229 390 96 0
 -396 -347 -24 0
 237 290 -346 0
 92 -67 -278 0
 -33 258 -10 0
 -197 330 226 0
 116 -354 -362 0
 -30 -173 259 0
 -449 -218 -58 0
 -261 158 -149 0
 74 306 363 0
 304 -151 -421 0
 484 280 135 0
 -167 -66 -303 0
 12 -465 98 0
 155 -21 228 0
 -278 246 39 0
 92 -294 -140 0
 301 474 53 0
 -250 -278 -302 0
 495 -270 437 0
 431 438 -258 0
 48 -440 -186 0
 -354 307 -316 0
 -287 485 373 0
 -82 -11 -70 0
 76 32 -360 0
 192 39 149 0
 446 -307 -476 0
 -92 270 -65 0
 -208 407 361 0
 261 -287 232 0
 -333 -106 -118 0
 454 287 57 0
 -351 433 419 0
 322 306 -140 0
 401 -120 -441 0
 -393 -94 127 0
 -323 -486 235 0
 165 -96 -113 0
 -338 -146 -52 0
 -222 -137 221 0
 -200 156 87 0
 -470 495 249 0
 98 -125 467 0
 -444 -313 397 0
 -312 -59 -157 0
 -33 -220 -6 0
 36 154 -467 0
 275 -65 137 0
 -323 146 -106 0
 -288 168 336 0
 -158 -468 -382 0
 473 -187 460 0
 -198 -168 -257 0
 380 370 488 0
 -352 -289 -442 0
 284 117 -12 0
 -47 137 180 0
 137 75 59 0
 -194 180 -98 0
 281 75 466 0
 -342 463 -203 0
 279 -474 22 0
 309 112 109 0
 93 -167 -106 0
 365 86 -391 0
 293 -167 191 0
 155 -177 173 0
 116 152 106 0
 371 56 -92 0
 -332 -229 -54 0
 -475 407 101 0
 112 435 -169 0
 -157 138 325 0
 -474 -87 -313 0
 -92 -120 -250 0
 -145 -91 -414 0
 -409 -11 32 0
 -365 151 -275 0
 18 -38 192 0
 -39 -174 33 0
 108 -34 -61 0
 -135 485 3 0
 -138 456 -367 0
 -493 327 280 0
 178 311 -273 0
 -226 26 157 0
 -2 104 359 0
 470 60 463 0
 -401 -277 -211 0
 -9 -7 72 0
 451 159 -492 0
 438 361 50 0
 78 70 -335 0
 -62 463 -58 0
 -274 157 -83 0
 69 148 385 0
 -413 305 -430 0
 -310 -447 295 0
 -369 -169 343 0
 -116 380 85 0
 -442 -114 398 0
 104 -334 -196 0
 452 -359 321 0
 239 -260 -378 0
 -174 -422 -1 0
 -151 -417 -36 0
 372 359 264 0
 276 -101 243 0
 463 -142 257 0
 -134 425 234 0
 -269 312 -248 0
 -409 -265 -186 0
 -15 137 284 0
 -258 -328 276 0
 -235 -126 -72 0
 -476 -32 -286 0
 124 -144 -102 0
 318 355 476 0
 -151 -263 96 0
 -203 123 -223 0
 95 351 -163 0
 -162 152 438 0
 199 -330 -103 0
 -106 -397 356 0
 221 -120 493 0
 205 -438 -66 0
 -499 -87 256 0
 119 -400 -121 0
 472 -433 324 0
 105 287 -210 0
 -206 -72 -343 0
 309 166 496 0
 184 -327 168 0
 -360 398 14 0
 -453 355 -230 0
 215 227 492 0
 -205 -251 332 0
 245 463 -13 0
 316 -61 25 0
 399 158 5 0
 -495 -21 -441 0
 -412 332 -220 0
 294 -419 92 0
 293 365 -393 0
 214 157 -374 0
 95 178 488 0
 -210 451 121 0
 -112 409 151 0
 293 212 -194 0
 142 32 -344 0
 -148 142 157 0
 18 131 266 0
 344 433 -190 0
 349 410 103 0
 -259 -497 126 0
 239 427 -159 0
 -258 -122 206 0
 -307 -425 -384 0
 238 7 -106 0
 -48 53 352 0
 165 416 -319 0
 145 282 -437 0
 -73 8 164 0
 -70 287 80 0
 126 -17 218 0
 23 57 118 0
 -376 -37 -353 0
 -203 270 294 0
 -44 -319 343 0
 259 193 420 0
 -363 349 184 0
 -394 -36 -493 0
 -244 -307 -325 0
 183 -322 304 0
 -370 73 167 0
 303 404 264 0
 -423 -58 395 0
 225 -264 -207 0
 -358 429 18 0
 179 -207 290 0
 94 -202 224 0
 325 79 -160 0
 -92 32 373 0
 -488 -118 234 0
 -237 139 -260 0
 -310 71 32 0
 163 153 -161 0
 -152 -500 285 0
 173 -303 -118 0
 -294 61 -454 0
 -98 434 -125 0
 -424 -89 -304 0
 203 308 -399 0
 93 84 -1 0
 38 304 236 0
 455 294 -245 0
 213 99 -310 0
 161 24 383 0
 251 149 -492 0
 -167 -240 -398 0
 -91 106 -350 0
 443 328 82 0
 -263 -402 299 0
 403 -154 -338 0
 270 40 240 0
 62 247 -314 0
 -274 39 -220 0
 -397 113 -44 0
 -408 -27 368 0
 -341 150 458 0
 443 388 459 0
 256 -31 375 0
 -490 -239 -397 0
 -384 -330 244 0
 -254 -259 397 0
 106 157 224 0
 -72 266 349 0
 20 204 484 0
 -456 217 -77 0
 -366 -432 100 0
 -172 -327 379 0
 60 148 -111 0
 -120 -362 70 0
 259 -447 -166 0
 -199 -451 234 0
 -418 -386 413 0
 270 -414 260 0
 -219 -493 -255 0
 225 178 291 0
 398 -372 -415 0
 445 -254 -403 0
 -263 -47 267 0
 452 391 107 0
 -155 -153 202 0
 -157 -316 -38 0
 -192 390 -292 0
 428 99 68 0
 134 431 252 0
 17 -95 -203 0
 366 53 -8 0
 72 24 1 0
 -484 341 90 0
 383 469 369 0
 -284 104 246 0
 119 -78 431 0
 218 210 390 0
 -115 -7 416 0
 -207 423 -94 0
 68 289 94 0
 225 365 -367 0
 338 400 -249 0
 -81 249 -493 0
 -489 -201 -134 0
 489 -44 419 0
 -206 -175 6 0
 17 -157 -273 0
 -249 333 -495 0
 -219 315 456 0
 -433 -184 150 0
 -258 478 -133 0
 375 -296 450 0
 188 296 -230 0
 27 40 256 0
 -449 -93 438 0
 -362 -217 -265 0
 -463 484 325 0
 27 -68 -96 0
 71 -120 -174 0
 -451 289 299 0
 -229 -109 -47 0
 -312 -153 -172 0
 59 -254 -65 0
 270 80 292 0
 -235 232 190 0
 390 -168 -170 0
 -122 276 52 0
 230 74 -429 0
 -44 -284 -425 0
 249 92 -33 0
 -291 247 129 0
 206 448 105 0
 83 -409 294 0
 -7 222 -102 0
 96 247 94 0
 291 41 -410 0
 497 -498 439 0
 -452 -168 170 0
 362 248 -405 0
 -137 -31 -465 0
 -224 259 -467 0
 311 256 -280 0
 421 439 -304 0
 -113 355 -417 0
 -164 178 65 0
 280 -112 340 0
 312 -70 -47 0
 -276 -364 178 0
 361 -299 435 0
 423 -38 -114 0
 377 -91 492 0
 490 249 80 0
 146 406 -435 0
 -134 76 -422 0
 142 -148 483 0
 -116 175 457 0
 212 306 -367 0
 -306 -144 162 0
 115 271 70 0
 -431 -83 25 0
 59 170 -49 0
 -228 237 281 0
 255 -309 -447 0
 75 253 330 0
 -359 156 343 0
 272 -322 373 0
 -417 485 -88 0
 -488 427 141 0
 -456 -430 195 0
 462 -447 -475 0
 -472 -410 67 0
 -169 -204 -186 0
 282 -98 371 0
 354 164 -461 0
 -203 233 52 0
 485 180 498 0
 4 -165 -366 0
 107 278 40 0
 269 -268 -378 0
 -467 36 469 0
 298 77 400 0
 454 172 277 0
 -251 -352 57 0
 494 485 -486 0
 332 149 76 0
 -363 -400 197 0
 389 349 -171 0
 -195 235 30 0
 385 -8 -285 0
 326 -496 410 0
 14 319 55 0
 -32 -419 19 0
 -75 16 -313 0
 62 467 -172 0
 -169 -288 -498 0
 117 492 359 0
 211 26 119 0
 -110 88 445 0
 65 -378 -431 0
 500 -156 469 0
 422 -156 74 0
 -291 280 263 0
 -229 357 168 0
 -318 444 -186 0
 44 176 -497 0
 218 64 -360 0
 -421 434 51 0
 102 -201 -86 0
 -383 -226 -218 0
 246 491 -292 0
 -339 -338 -216 0
 250 41 -448 0
 -234 279 -58 0
 -246 -438 -398 0
 -39 296 402 0
 -453 -269 -202 0
 -215 11 308 0
 -177 481 300 0
 -335 -35 227 0
 80 263 -312 0
 -445 -124 191 0
 410 88 337 0
 -29 52 293 0
 35 460 -315 0
 -308 287 247 0
 219 -403 -413 0
 -479 -365 -428 0
 -428 271 -45 0
 85 413 200 0
 -381 -85 17 0
 -92 289 -486 0
 -149 -421 168 0
 -153 200 356 0
 -314 -338 57 0
 238 14 -409 0
 -471 205 288 0
 294 94 67 0
 188 -325 -80 0
 306 -429 227 0
 -438 234 3 0
 6 324 -115 0
 -186 140 111 0
 -229 -26 -65 0
 70 437 433 0
 282 235 168 0
 417 -293 -30 0
 -420 44 83 0
 -469 122 -398 0
 336 -42 153 0
 -137 -431 475 0
 -268 -212 -119 0
 183 245 -258 0
 407 -189 -476 0
 -414 361 440 0
 -18 -434 282 0
 388 -383 433 0
 -217 -264 347 0
 -125 155 494 0
 333 83 329 0
 390 -84 256 0
 385 299 65 0
 -330 140 398 0
 -58 -324 79 0
 -102 -66 343 0
 202 -248 42 0
 472 202 -265 0
 -17 -87 -276 0
 384 -374 315 0
 -308 -402 -455 0
 -298 340 -441 0
 -153 -99 -465 0
 243 328 67 0
 -93 -432 -71 0
 -90 -350 478 0
 -41 -300 4 0
 -186 -333 -359 0
 392 -42 218 0
 134 35 -238 0
 191 -313 -344 0
 200 449 157 0
 -182 67 -8 0
 -99 -325 339 0
 187 -23 291 0
 -201 63 256 0
 311 429 -467 0
 -219 -202 166 0
 -348 20 -360 0
 229 416 232 0
 -204 -229 -104 0
 -480 87 346 0
 257 243 479 0
 276 -224 -416 0
 140 -71 65 0
 164 241 -481 0
 115 -63 -94 0
 -242 -421 375 0
 81 217 406 0
 248 407 195 0
 299 -365 -135 0
 -318 -489 -199 0
 -266 -485 -22 0
 -431 -259 -64 0
 -444 41 197 0
 -283 199 180 0
 63 -122 400 0
 283 -4 -479 0
 -111 -462 -409 0
 -451 355 -437 0
 -72 -65 -215 0
 -203 127 -54 0
 182 277 178 0
 140 -337 -106 0
 418 53 402 0
 -284 -11 -336 0
 -71 70 -244 0
 -418 -289 -362 0
 202 -332 -197 0
 265 -104 -323 0
 -391 219 142 0
 -403 26 385 0
 235 25 223 0
 -125 152 395 0
 -67 269 241 0
 -481 -427 -314 0
 317 6 -484 0
 -7 -362 36 0
 -336 435 393 0
 462 387 -278 0
 -325 -142 -199 0
 -111 85 80 0
 -261 89 -134 0
 417 -233 -71 0
 -121 -85 382 0
 -316 -321 187 0
 44 40 326 0
 -20 -399 -269 0
 -185 -79 -470 0
 -265 427 -14 0
 -323 -257 -299 0
 -58 463 11 0
 -136 337 260 0
 -432 -164 -327 0
 -6 454 485 0
 -68 -92 47 0
 9 -428 77 0
 -177 84 395 0
 358 162 -196 0
 -477 -443 -488 0
 474 132 -97 0
 21 34 222 0
 -475 -83 -330 0
 -383 -314 263 0
 -66 475 -478 0
 -208 -119 -453 0
 -256 -164 -281 0
 -280 264 -366 0
 -110 -451 142 0
 -260 -307 434 0
 456 -206 -423 0
 -24 286 -12 0
 491 -155 -401 0
 493 -126 236 0
 490 -337 -480 0
 344 -164 386 0
 -268 -190 -419 0
 -232 -250 385 0
 396 94 -144 0
 -5 -162 337 0
 -429 249 145 0
 158 -170 -477 0
 81 187 346 0
 282 -290 481 0
 248 -281 -81 0
 359 -450 -4 0
 223 255 -352 0
 -222 361 493 0
 250 406 116 0
 241 -349 285 0
 -53 181 305 0
 490 -356 -302 0
 109 311 12 0
 325 -242 -386 0
 359 335 124 0
 43 -214 -360 0
 158 120 -389 0
 -242 298 -141 0
 411 374 -387 0
 369 156 306 0
 160 156 52 0
 -477 -287 -157 0
 300 54 363 0
 -151 -213 -194 0
 359 486 4 0
 -140 -437 220 0
 6 -198 462 0
 -335 -271 -465 0
 -400 93 287 0
 228 412 74 0
 -410 -357 31 0
 458 435 -142 0
 -375 139 -56 0
 -369 -186 -417 0
 492 -470 140 0
 1 -122 32 0
 -92 -483 -134 0
 230 326 198 0
 -437 369 86 0
 -81 236 -127 0
 101 21 -281 0
 -471 413 308 0
 -278 -2 -385 0
 53 -30 -284 0
 80 -421 -196 0
 -255 -358 296 0
 -201 335 -266 0
 -73 336 -208 0
 372 -415 414 0
 -93 -241 -289 0
 413 -158 -234 0
 -63 -91 234 0
 104 451 -142 0
 443 484 85 0
 424 -41 -354 0
 77 -417 96 0
 -324 -130 -307 0
 196 272 315 0
 225 322 -396 0
 130 128 -384 0
 -408 -381 -215 0
 -244 269 -445 0
 -193 -167 -339 0
 -45 171 -282 0
 -230 331 118 0
 -280 -131 -268 0
 77 -472 -250 0
 -345 393 -38 0
 -240 229 -352 0
 -350 213 215 0
 460 -425 314 0
 -138 241 -230 0
 -206 -306 170 0
 336 237 401 0
 273 -36 444 0
 475 500 -180 0
 249 217 -295 0
 -276 286 -329 0
 -268 -416 302 0
 -406 -63 -80 0
 300 -401 -147 0
 -460 410 375 0
 -87 369 -158 0
 -435 382 52 0
 -253 86 -227 0
 216 -148 264 0
 -462 154 405 0
 427 247 -59 0
 -90 -319 -137 0
 143 -237 -175 0
 -376 160 225 0
 467 -258 -393 0
 -102 176 216 0
 -450 -113 158 0
 -301 -425 -128 0
 -371 -430 -441 0
 -240 172 -497 0
 274 -311 129 0
 -214 28 323 0
 -238 366 284 0
 333 -246 -304 0
 -156 -467 -235 0
 254 174 8 0
 466 -222 -118 0
 -264 382 -26 0
 12 -282 262 0
 -44 -176 147 0
 -100 -66 463 0
 135 -33 -429 0
 -498 -274 3 0
 -145 -164 -279 0
 310 -98 -267 0
 -274 131 213 0
 -160 -468 -74 0
 -108 -333 335 0
 -367 167 -91 0
 4 413 -393 0
 249 -220 256 0
 380 -250 -393 0
 324 -498 -133 0
 299 414 290 0
 402 438 21 0
 162 439 -276 0
 481 7 498 0
 -149 203 -242 0
 493 -148 496 0
 -296 -90 -55 0
 12 498 26 0
 277 278 148 0
 50 -126 -497 0
 109 17 357 0
 139 140 308 0
 -494 179 404 0
 -65 -61 87 0
 77 29 24 0
 7 -244 -446 0
 -489 -108 -297 0
 -274 -150 183 0
 -106 21 331 0
 -418 -266 17 0
 -347 -32 71 0
 76 142 359 0
 301 31 -96 0
 -57 231 -99 0
 268 -50 184 0
 157 68 34 0
 -105 24 -39 0
 -240 -500 -339 0
 -427 310 -358 0
 114 -188 -444 0
 434 -149 -389 0
 -496 490 -88 0
 189 -1 -387 0
 -474 -168 124 0
 -238 17 359 0
 -64 -254 -86 0
 245 -34 47 0
 361 87 317 0
 -338 468 -415 0
 -68 -407 -413 0
 79 -159 22 0
 -378 218 -263 0
 341 -293 -166 0
 -199 -34 350 0
 304 -24 157 0
 -270 -467 246 0
 -251 384 -386 0
 -310 -334 -73 0
 443 150 125 0
 223 172 328 0
 -144 348 -158 0
 491 139 -391 0
 -239 -189 298 0
 -137 -456 -234 0
 314 -296 -181 0
 -225 238 -49 0
 -495 448 243 0
 -122 457 -175 0
 -469 -177 198 0
 -317 412 -198 0
 363 -250 499 0
 -442 -150 322 0
 -170 463 59 0
 82 -194 152 0
 67 -135 243 0
 51 -379 -23 0
 498 -104 -314 0
 -230 336 -86 0
 162 408 -34 0
 264 -54 65 0
 333 159 -272 0
 -73 496 -491 0
 -93 494 -390 0
 407 86 52 0
 -79 463 7 0
 -274 -88 -166 0
 -217 -372 -433 0
 195 260 131 0
 -246 -482 92 0
 453 -284 99 0
 -177 -440 407 0
 -284 84 -132 0
 379 368 -77 0
 -452 -224 105 0
 -130 249 289 0
 335 344 305 0
 40 401 -283 0
 293 -320 -204 0
 -380 447 -334 0
 -352 372 462 0
 -18 -431 399 0
 -216 -50 -354 0
 -8 470 92 0
 -45 333 99 0
 -393 173 -22 0
 -289 246 -385 0
 -463 22 134 0
 -297 -181 206 0
 -55 235 -57 0
 101 -147 407 0
 129 -167 -474 0
 -55 253 234 0
 149 -72 -61 0
 -342 489 -94 0
 -148 157 -111 0
 448 -355 372 0
 -387 100 240 0
 89 419 27 0
 -243 410 238 0
 138 -311 155 0
 319 -13 323 0
 -448 472 -158 0
 -48 255 -372 0
 -255 -444 -437 0
 -316 -116 -248 0
 -448 -376 324 0
 432 -328 -151 0
 -192 397 -275 0
 48 -169 111 0
 348 -160 -134 0
 -72 147 -220 0
 184 277 -60 0
 -214 -271 -305 0
 382 -171 161 0
 -93 202 -154 0
 333 -36 47 0
 -428 -454 214 0
 144 -85 425 0
 26 -421 493 0
 -457 199 262 0
 74 159 115 0
 263 -371 209 0
 71 -258 124 0
 -247 -29 -427 0
 285 -132 235 0
 314 -361 248 0
 50 309 -318 0
 270 457 307 0
 404 223 222 0
 -405 72 -30 0
 59 450 -367 0
 -245 472 -287 0
 392 -180 -145 0
 -413 130 -100 0
 408 -431 -435 0
 -316 132 299 0
 273 42 103 0
 -328 199 380 0
 -360 385 437 0
 -123 211 349 0
 -351 438 -114 0
 -500 222 -406 0
 50 258 99 0
 -186 -242 316 0
 74 -13 149 0
 -30 345 -182 0
 260 328 -259 0
 16 116 -166 0
 -282 -16 -408 0
 385 473 -305 0
 472 -396 463 0
 359 9 -189 0
 216 -119 -214 0
 237 -309 234 0
 152 55 266 0
 309 -178 125 0
 120 -408 -186 0
 269 -333 -382 0
 -197 136 -208 0
 473 119 -477 0
 71 428 289 0
 -423 306 -187 0
 -49 -212 -329 0
 -339 -258 -337 0
 170 -487 230 0
 -112 138 225 0
 -315 389 -31 0
 -482 -334 -461 0
 -379 470 136 0
 242 218 402 0
 -372 -207 -277 0
 -123 141 76 0
 -395 -106 214 0
 -304 441 -445 0
 212 439 -77 0
 86 48 400 0
 -208 -399 -200 0
 161 -39 -255 0
 180 -399 276 0
 -423 -427 -467 0
 230 264 144 0
 440 -371 57 0
 79 -160 162 0
 -319 210 30 0
 -490 -400 -144 0
 65 -135 394 0
 -499 338 -28 0
 238 324 -10 0
 -129 -347 120 0
 243 -61 -191 0
 -280 -139 415 0
 -360 144 127 0
 321 -290 218 0
 124 -338 -416 0
 -106 87 -246 0
 -426 73 347 0
 200 -451 -244 0
 -209 -223 236 0
 -65 -88 93 0
 -426 51 -405 0
 132 -388 382 0
 -372 -424 -405 0
 291 314 361 0
 -109 443 -131 0
 161 476 93 0
 407 485 -119 0
 -199 -399 -423 0
 -312 -2 -357 0
 -324 -368 -343 0
 224 -395 158 0
 -166 -52 -173 0
 -273 -41 -91 0
 -318 -177 -431 0
 154 -329 202 0
 -416 -126 -175 0
 407 -330 -430 0
 430 41 -435 0
 223 258 352 0
 334 -107 -401 0
 -334 377 497 0
 405 -200 31 0
 -99 480 420 0
 334 -469 347 0
 376 -167 -9 0
 370 -156 338 0
 170 -54 -171 0
 -481 460 -464 0
 -467 -283 -72 0
 -325 158 458 0
 251 106 -391 0
 -225 220 -71 0
 -206 401 316 0
 387 249 248 0
 443 305 57 0
 56 345 -86 0
 63 -127 -436 0
 -310 -374 -182 0
 449 -77 -399 0
 253 206 -247 0
 -296 257 304 0
 39 -152 433 0
 198 -194 -149 0
 -427 -360 -115 0
 -203 88 -204 0
 483 301 -249 0
 -162 -207 184 0
 -51 79 77 0
 -257 -29 -484 0
 -332 -98 -323 0
 449 418 434 0
 -252 490 300 0
 -172 203 -258 0
 -131 -418 -194 0
 357 -325 -409 0
 284 288 -158 0
 -214 -277 18 0
 454 -137 157 0
 135 287 -162 0
 176 461 137 0
 312 56 -425 0
 -69 -40 380 0
 -267 -23 -298 0
 24 157 -373 0
 -409 40 -383 0
 401 -237 -434 0
 234 206 148 0
 383 -484 25 0
 224 134 80 0
 -224 299 326 0
 108 43 138 0
 -326 -307 73 0
 98 82 -373 0
 -26 97 50 0
 -436 64 261 0
 -348 15 7 0
 368 124 47 0
 -394 154 358 0
 -174 -409 -295 0
 -217 136 13 0
 177 191 -405 0
 -231 55 6 0
 326 71 186 0
 256 21 324 0
 161 193 247 0
 -423 465 -386 0
 121 -471 444 0
 -279 -206 483 0
 -27 72 -328 0
 -111 -37 77 0
 -297 -137 160 0
 -286 -182 -295 0
 17 -326 169 0
 280 -139 28 0
 418 176 311 0
 287 288 -267 0
 222 403 414 0
 -280 262 -171 0
 9 -461 -124 0
 -22 448 -183 0
 405 373 359 0
 256 -322 193 0
 319 126 -375 0
 216 -239 460 0
 -195 94 285 0
 147 305 438 0
 -50 -66 374 0
 281 -147 481 0
 113 351 261 0
 -381 -458 407 0
 -327 378 187 0
 -361 -239 175 0
 278 -135 83 0
 261 -484 -30 0
 286 403 161 0
 -438 253 -111 0
 208 221 -22 0
 -199 422 -130 0
 -226 25 -101 0
 119 334 -62 0
 281 -97 -469 0
 73 45 -62 0
 14 151 283 0
 -377 8 252 0
 -434 307 200 0
 -29 -499 -498 0
 331 401 -131 0
 -137 -295 312 0
 308 33 -491 0
 -34 -16 207 0
 116 -100 -306 0
 -124 -147 254 0
 -474 -37 -403 0
 173 -339 -468 0
 -159 -323 234 0
 -498 375 422 0
 50 -283 -53 0
 -448 248 262 0
 -359 302 271 0
 273 55 -407 0
 -26 -199 -296 0
 481 364 432 0
 287 -308 447 0
 497 337 439 0
 461 -350 118 0
 -415 -488 -492 0
 120 -46 170 0
 199 -110 -488 0
 383 235 67 0
 39 -137 -126 0
 326 297 368 0
 344 233 253 0
 -190 35 313 0
 -499 -96 95 0
 -193 -209 434 0
 -393 -84 -475 0
 261 163 -367 0
 153 -263 -127 0
 -477 174 61 0
 369 -454 -312 0
 69 -373 -319 0
 251 63 -14 0
 174 363 398 0
 -389 314 -493 0
 465 -280 -209 0
 327 -193 -404 0
 -460 -383 -122 0
 305 -156 293 0
 -279 -131 165 0
 62 244 -1 0
 392 274 142 0
 121 168 347 0
 -361 301 388 0
 359 -44 -73 0
 463 -138 -383 0
 272 -119 465 0
 -248 418 -177 0
 -457 302 -298 0
 -173 -336 279 0
 206 493 -49 0
 43 -176 -201 0
 3 464 -260 0
 228 439 177 0
 366 323 18 0
 156 124 -45 0
 335 230 137 0
 -165 -365 57 0
 -330 56 -166 0
 -441 105 -372 0
 142 441 -277 0
 183 468 -267 0
 -120 357 363 0
 -22 436 -123 0
 -121 -474 -155 0
 237 365 395 0
 471 -75 96 0
 -472 -382 450 0
 111 71 379 0
 -14 167 -314 0
 -417 -240 228 0
 -236 -330 433 0
 18 -329 175 0
 400 -84 -256 0
 425 359 381 0
 -218 470 -164 0
 413 39 -308 0
 -341 446 -238 0
 269 -140 344 0
 154 356 496 0
 -169 -183 -139 0
 245 174 -8 0
 350 -255 81 0
 361 229 444 0
 161 -203 371 0
 25 -38 -97 0
 -97 378 341 0
 -65 197 -60 0
 138 67 -445 0
 -345 320 -404 0
 135 44 -3 0
 -138 361 308 0
 -376 104 -6 0
 89 187 78 0
 -221 168 62 0
 -34 443 379 0
 -416 39 -315 0
 -174 106 -463 0
 490 -203 -4 0
 206 -410 305 0
 159 13 -486 0
 -190 -298 286 0
 50 -354 -184 0
 -165 307 -69 0
 401 -419 324 0
 -96 -15 -102 0
 13 266 -480 0
 -241 -85 174 0
 -331 -277 -85 0
 -362 -483 102 0
 -255 215 -40 0
 408 -30 -354 0
 -197 36 -150 0
 -490 -198 266 0
 17 119 -422 0
 -146 -93 150 0
 -256 139 -159 0
 218 349 270 0
 126 -349 213 0
 -321 -100 -362 0
 261 16 -56 0
 -22 199 -39 0
 238 -349 141 0
 194 -394 98 0
 -407 -9 -63 0
 -410 376 -323 0
 -367 -198 -139 0
 449 -153 386 0
 -169 -123 -437 0
 498 -342 -407 0
 445 438 180 0
 221 -495 -343 0
 -61 -383 219 0
 -291 272 359 0
 436 382 102 0
 -139 12 -22 0
 123 268 381 0
 -396 -120 -362 0
 -344 199 378 0
 272 -386 175 0
 -79 -438 102 0
 -471 -92 -82 0
 -274 106 214 0
 289 469 -38 0
 -36 -478 -228 0
 448 17 33 0
 362 -431 130 0
 264 -173 436 0
 -431 109 -291 0
 -295 -54 269 0
 40 -321 335 0
 443 315 -267 0
 -431 -480 -114 0
 131 67 470 0
 -70 -475 -436 0
 186 239 234 0
 442 -292 -139 0
 -225 298 -217 0
 448 353 -51 0
 361 -30 -349 0
 421 258 39 0
 -296 -246 -318 0
 -215 270 451 0
 -420 209 -120 0
 -404 -485 -428 0
 18 -396 293 0
 219 264 449 0
 -186 182 276 0
 416 499 444 0
 449 398 74 0
 -207 -87 -485 0
 -368 243 -332 0
 305 105 401 0
 155 101 -186 0
 -321 -315 323 0
 -437 -323 -234 0
 361 -127 434 0
 427 380 356 0
 467 -338 254 0
 240 445 -183 0
 -360 -205 265 0
 -212 462 -332 0
 337 232 146 0
 -229 -149 136 0
 -191 -229 -240 0
 293 229 -402 0
 -485 204 420 0
 42 184 119 0
 -120 -481 442 0
 -186 -89 -361 0
 -235 -369 393 0
 -453 -323 -431 0
 -133 488 152 0
 -216 -31 451 0
 -443 -297 -145 0
 -361 122 -440 0
 477 -288 29 0
 -97 153 249 0
 -391 362 -260 0
 432 16 -263 0
 19 -327 135 0
 21 -263 -119 0
 -448 -221 116 0
 255 -96 488 0
 -235 360 377 0
 -483 -199 28 0
 456 -58 -417 0
 434 -500 446 0
 -16 261 279 0
 408 130 59 0
 273 94 196 0
 -218 -233 313 0
 281 -397 495 0
 -383 195 247 0
 -251 175 478 0
 476 270 -440 0
 357 260 376 0
 310 -483 224 0
 298 -371 450 0
 -60 134 -429 0
 -200 -393 -382 0
 -472 453 -191 0
 133 296 244 0
 463 -261 -207 0
 -356 -500 64 0
 -488 -218 -385 0
 -197 -121 -243 0
 -293 232 -495 0
 -477 -211 325 0
 16 19 -17 0
 -232 -376 -212 0
 125 -307 299 0
 -416 -356 204 0
 -54 222 426 0
 306 131 347 0
 27 -477 -221 0
 448 -8 -409 0
 161 115 -434 0
 -441 257 -421 0
 -146 -296 307 0
 -149 -95 -278 0
 -100 -16 -160 0
 -96 130 -195 0
 -91 -199 -44 0
 447 -459 -452 0
 359 297 -306 0
 -82 -233 388 0
 -384 -281 -80 0
 375 -3 312 0
 -245 -149 -299 0
 -375 155 -428 0
 -30 203 -429 0
 -483 -268 -383 0
 268 -67 -305 0
 -17 373 -35 0
 309 -199 275 0
 222 -324 -160 0
 18 27 -51 0
 478 137 106 0
 -295 -158 156 0
 203 -88 -101 0
 306 400 -80 0
 -323 310 -239 0
 -401 124 -7 0
 -230 106 -350 0
 -41 -152 -226 0
 -248 -365 -239 0
 -145 -432 -314 0
 -489 110 -206 0
 -44 -492 -306 0
 362 -119 -46 0
 -106 287 231 0
 -375 383 61 0
 386 207 178 0
 -282 380 -52 0
 255 245 253 0
 -352 152 497 0
 223 -462 -423 0
 -356 74 -142 0
 -250 410 61 0
 63 374 350 0
 -18 268 -223 0
 -199 200 334 0
 423 155 226 0
 -496 -194 -429 0
 -461 -152 -103 0
 32 -11 -249 0
 -434 -481 117 0
 314 -109 -226 0
 -207 -170 -467 0
 243 -35 204 0
 489 -176 5 0
 -104 178 -85 0
 -152 -12 -292 0
 367 80 97 0
 18 -219 335 0
 -247 -9 -234 0
 -40 493 372 0
 491 287 -87 0
 -330 -293 17 0
 401 -347 -64 0
 -117 -442 32 0
 281 -369 -209 0
 -59 -240 74 0
 277 -487 -355 0
 362 -384 -120 0
 -279 -54 132 0
 274 115 -362 0
 206 -411 -71 0
 -459 36 -470 0
 417 77 303 0
 99 301 436 0
 -441 -382 346 0
 443 -496 15 0
 -279 217 -384 0
 -121 490 -443 0
 -386 -55 -48 0
 128 414 -243 0
 -450 193 485 0
 -154 144 -37 0
 495 -133 309 0
 244 328 447 0
 213 -315 -82 0
 -165 50 -466 0
 -332 106 -267 0
 -67 310 -275 0
 347 -458 56 0
 461 82 -46 0
 -149 -322 -310 0
 -442 -296 -311 0
 26 469 -124 0
 471 -245 10 0
 204 -353 283 0
 144 201 325 0
 177 -413 -473 0
 381 444 228 0
 -243 166 131 0
 148 -411 320 0
 449 45 -166 0
 160 -254 -203 0
 -492 162 70 0
 481 293 117 0
 -465 -27 142 0
 282 121 489 0
 -442 410 -315 0
 -238 80 123 0
 88 -171 395 0
 129 365 168 0
 -84 -357 276 0
 -397 -256 453 0
 -292 -300 219 0
 207 -18 -246 0
 67 457 -476 0
 -118 -405 -180 0
 127 -86 -112 0
 94 308 412 0
 -353 -197 432 0
 -444 -22 94 0
 306 -185 -156 0
 141 96 -380 0
 -497 -311 33 0
 384 -182 -15 0
 -343 -196 142 0
 -333 174 -430 0
 460 300 -163 0
 -58 176 418 0
 -325 -455 -249 0
 -78 -23 250 0
 -119 497 -488 0
 -137 -242 264 0
 -408 438 469 0
 244 -371 461 0
 -304 241 -63 0
 185 -174 320 0
 -66 -248 198 0
 41 460 -290 0
 98 -303 -58 0
 268 150 -444 0
 -250 -377 -369 0
 -44 -500 367 0
 393 291 414 0
 -482 -262 223 0
 -258 309 -487 0
 -28 -196 146 0
 -405 -169 330 0
 438 96 -475 0
 -385 380 -463 0
 -186 484 447 0
 -433 188 337 0
 434 237 -249 0
 28 300 113 0
 -116 -80 -255 0
 -419 -364 43 0
 31 -272 410 0
 -25 34 298 0
 469 4 -151 0
 -263 327 -41 0
 360 167 199 0
 -318 123 -143 0
 -390 447 238 0
 -260 -158 359 0
 208 62 274 0
 151 34 -85 0
 267 -484 -117 0
 197 -126 -435 0
 -479 278 -199 0
 -166 112 -206 0
 361 260 -217 0
 -291 -299 -172 0
 347 -65 437 0
 291 31 39 0
 -174 -414 -132 0
 434 -137 45 0
 -135 494 42 0
 -157 159 -110 0
 306 -467 -464 0
 -324 2 48 0
 -264 75 -471 0
 -246 -245 -392 0
 332 -81 -9 0
 -293 19 175 0
 -136 375 309 0
 49 376 -153 0
 -259 -190 -137 0
 425 -218 493 0
 14 -384 -62 0
 -28 371 -158 0
 -92 -299 -10 0
 -371 -146 471 0
 -375 -488 -115 0
 -330 -283 -21 0
 -127 -84 128 0
 -90 285 386 0
 408 87 12 0
 -98 -77 158 0
 -92 450 -229 0
 208 377 -357 0
 155 425 -376 0
 372 -302 -166 0
 -116 -16 64 0
 202 -447 -10 0
 -109 -398 210 0
 -398 400 -175 0
 -132 -182 -167 0
 -260 -81 -69 0
 -485 -55 390 0
 -465 -348 -169 0
 -418 -467 489 0
 220 -255 -209 0
 212 -331 -280 0
 60 172 -89 0
 -212 -163 415 0
 -320 -233 67 0
 -358 -161 -339 0
 376 462 -67 0
 337 204 -26 0
 56 17 -332 0
 -136 -229 73 0
 196 10 -357 0
 -438 -231 -239 0
 354 284 52 0
 -202 429 -192 0
 484 404 52 0
 -294 343 -143 0
 201 72 -35 0
 189 -195 -496 0
 51 -296 -120 0
 369 450 -481 0
 360 -73 -478 0
 -189 -324 323 0
 254 423 -37 0
 -241 -10 310 0
 -249 363 -137 0
 -9 414 -237 0
 -456 -15 -495 0
 114 -42 -416 0
 -232 -384 351 0
 197 409 -261 0
 -296 -255 26 0
 291 228 -102 0
 -192 5 -312 0
 36 445 459 0
 -153 -106 -283 0
 -133 422 -44 0
 -342 41 79 0
 -313 298 386 0
 274 331 -430 0
 253 64 460 0
 -417 -148 -493 0
 199 283 115 0
 -216 -36 -365 0
 6 50 -88 0
 132 412 319 0
 316 101 38 0
 -156 -49 309 0
 140 416 -149 0
 -488 236 427 0
 281 1 396 0
 224 99 -489 0
 207 -141 392 0
 -46 -383 36 0
 336 415 -5 0
 244 -324 319 0
 -39 -32 -303 0
 483 371 -93 0
 133 -226 496 0
 173 -152 -259 0
 -76 -66 477 0
 -23 142 -243 0
 -430 -393 -14 0
 -38 -61 268 0
 -65 132 190 0
 444 38 -447 0
 -81 384 367 0
 -138 -477 463 0
 382 371 143 0
 -369 -19 158 0
 -451 459 -404 0
 500 31 -270 0
 403 -64 -182 0
 -123 -401 329 0
 178 -161 -154 0
 216 154 -443 0
 174 349 -93 0
 268 -482 -98 0
 52 128 -487 0
 -325 -250 143 0
 350 -191 -69 0
 -110 55 -417 0
 -278 251 265 0
 121 303 -276 0
 -410 -312 -301 0
 170 239 -323 0
 -231 -388 499 0
 -257 214 -294 0
 -171 114 49 0
 -126 -297 -462 0
 -284 50 312 0
 332 320 -158 0
 -407 274 -440 0
 497 -167 249 0
 278 -239 -382 0
 -484 156 -152 0
