p cnf 500 2000 1000 2
7 5 9 8 9 9 4 9 0 2 9 6 8 7 5 2 0 5 8 5 5 6 9 6 5 8 0 8 4 1 0 0 4 8 9 4 8 2 3 9 4 0 6 1 5 1 6 6 2 3 2 9 9 3 6 2 9 2 9 4 6 1 7 4 5 9 3 1 6 8 5 0 1 0 3 8 1 0 4 5 3 8 1 6 2 6 6 0 4 0 1 4 9 5 0 9 6 3 4 4 8 3 0 5 7 7 7 5 5 4 2 7 0 6 7 1 3 6 7 2 9 2 2 2 7 4 4 1 6 6 2 6 4 6 0 1 5 9 2 3 4 3 6 6 6 4 2 5 4 5 9 2 3 8 8 0 4 2 7 2 9 0 4 7 1 9 5 5 3 2 5 7 4 0 1 1 4 6 1 9 9 0 7 4 8 1 9 9 0 5 1 8 4 0 1 1 2 5 0 6 4 7 2 4 2 0 1 5 1 0 1 5 6 4 4 3 6 1 2 6 5 6 8 2 6 5 3 5 5 4 2 2 6 0 6 5 5 1 7 6 4 8 8 1 0 3 8 1 4 9 5 1 5 2 7 2 5 1 1 6 4 8 3 0 6 2 6 6 9 2 1 0 3 4 1 5 9 8 4 2 3 6 1 2 1 1 6 5 0 5 5 8 7 4 2 8 3 3 7 4 0 4 6 5 1 0 7 1 9 2 0 5 2 4 3 7 7 3 5 3 0 6 3 8 3 9 5 5 0 3 5 2 2 7 1 5 6 8 1 0 0 1 1 4 2 1 7 7 4 0 5 1 5 7 2 7 5 8 4 4 2 9 6 0 8 6 6 1 8 5 7 6 6 2 9 6 0 0 6 8 6 0 8 8 5 0 4 5 9 7 1 0 9 6 5 6 2 4 1 6 8 2 0 5 2 8 7 8 2 8 2 3 6 7 5 2 9 5 2 1 7 2 6 3 1 7 2 3 7 9 2 9 7 5 0 6 9 4 6 3 0 3 2 8 4 1 6 9 3 1 1 2 4 9 3 7 9 6 9 7 5 5 2 6 5 1 8 5 3 0 0 3 5 8 5 9 8 8 5 3 8 6 6 7 5 7 8 5 5 9 1 2 8 3 9 3 2 7 7 2 6 7 8 9 5 7 3 0 8 5 7 8 7 3 4 9 5 2 2 5 8 1 3 8 2 4 0 0 5 2 4 4 8 8 9 9 5 3 4 9 4 7 2 9 1 2 6 0 2 9 3 4 8 0 6 0 9 3 9 9 0 2 0 7 8 6 8 3 3 4 0 1 7 0 3 7 2 8 2 3 8 9 3 0 6 8 0 9 0 0 1 5 6 2 8 4 9 4 0 0 1 4 7 6 5 1 6 7 5 8 4 3 0 8 8 1 8 8 8 8 7 1 7 1 6 4 3 8 3 6 0 2 5 1 0 9 8 7 4 8 9 6 7 3 9 8 9 9 1 3 5 5 3 8 2 0 0 4 2 9 6 4 1 5 4 0 5 9 1 8 7 2 6 7 3 6 8 7 0 7 1 3 6 3 5 0 3 8 5 7 9 1 2 0 0 2 4 7 2 6 9 3 3 6 4 2 4 1 2 6 6 0 6 5 5 2 7 0 2 9 3 3 2 3 5 7 5 7 7 6 9 5 0 0 7 3 6 3 7 3 5 6 4 9 9 3 3 8 5 7 3 9 7 2 9 4 7 9 0 4 1 3 2 9 1 9 6 3 6 6 9 7 7 0 6 8 8 5 4 0 5 9 0 5 2 8 8 3 0 8 7 3 7 4 3 1 6 6 5 8 2 8 5 9 0 6 5 6 1 2 8 3 9 0 3 7 7 3 7 5 8 4 8 3 4 1 0 8 8 2 1 1 3 6 6 0 3 8 5 1 3 6 3 5 8 8 9 6 4 4 2 8 9 9 8 8 6 3 4 5 8 3 5 3 2 7 2 6 3 8 7 8 0 8 1 2 9 0 7 4 8 0 1 0 0 0 7 1 3 2 6 1 2 0 3 2 7 7 9 0 2 3 4 5 2 5 9 3 2 4 2 0 1 8 9 1 6 1 1 5 1 7 8 5 4 9 4 6 9 5 8 4 9 1 9 9 6 6 5 4 2 0 5 1 4 1 4 5 2 1 3 7 2 4 9 7 7 4 4 5 7 3 7 0 1 4 5 8 5 5 6 4 7 1 2 1 3 0 4 2 7 7 9 5 2 5 5 0 1 0 9 9 1 6 0 3 6 5 3 3
5 2 9 4 6 2 7 8 4 2 1 5 1 5 8 3 2 5 9 3 8 4 5 0 1 8 0 1 2 7 3 1 5 0 7 8 2 6 7 2 0 3 0 4 8 0 3 3 2 7 6 3 0 3 8 9 1 0 0 7 3 2 5 0 9 7 6 6 2 9 1 5 6 5 4 1 7 9 1 2 2 3 5 9 0 1 0 6 0 7 9 4 4 6 8 3 7 0 3 6 1 3 3 7 4 5 5 8 0 4 0 8 0 3 8 9 7 9 2 1 8 0 9 9 2 5 1 8 5 4 2 7 0 4 8 3 3 9 3 5 8 9 6 3 3 7 8 1 6 1 9 9 6 8 6 2 6 4 0 2 5 2 9 7 3 7 0 3 6 1 7 6 5 6 0 2 9 9 6 5 4 4 4 5 5 0 1 8 4 1 7 1 9 7 3 1 8 2 5 5 6 2 0 5 4 6 7 1 5 7 9 2 9 5 1 1 4 3 2 1 0 5 1 9 0 6 0 5 5 7 4 2 6 7 9 0 6 7 5 4 0 9 0 6 4 0 9 4 9 5 4 7 8 8 0 3 6 8 0 4 6 0 7 5 9 0 5 4 6 0 2 7 4 9 0 2 0 4 1 2 9 2 4 6 4 6 0 2 3 0 1 8 0 5 7 7 4 6 4 8 0 8 6 4 4 8 0 9 0 8 6 7 8 6 7 8 8 1 0 8 2 1 3 7 9 6 4 6 2 9 1 9 2 8 1 9 8 8 5 5 1 2 7 7 3 5 2 1 2 9 2 3 9 2 9 7 3 3 6 1 6 7 6 5 5 8 7 7 2 6 8 5 8 6 8 2 2 0 1 2 0 8 0 7 4 1 4 2 7 6 5 3 7 2 5 5 7 2 5 7 9 5 6 0 5 3 9 3 7 2 3 3 8 9 0 5 4 0 9 1 9 2 0 3 0 0 4 3 5 4 5 4 4 0 9 2 6 8 8 8 5 9 5 2 1 7 9 9 4 9 5 9 0 4 3 0 3 5 0 3 8 8 8 4 7 5 2 6 0 3 5 2 7 3 6 9 3 1 1 7 7 5 5 0 2 8 5 7 1 4 1 1 8 1 4 9 5 6 3 4 4 1 8 9 0 7 1 3 5 8 6 9 6 7 9 5 4 6 2 8 5 7 5 6 5 9 5 6 5 5 9 6 2 3 9 8 4 6 8 7 3 1 8 9 7 3 1 4 1 9 2 0 2 3 8 3 4 8 5 6 4 1 7 8 5 7 1 0 4 3 5 0 4 9 5 4 7 0 5 6 0 4 0 8 4 9 5 7 8 4 8 6 9 0 6 9 3 8 9 2 0 8 7 4 1 8 6 9 5 8 8 2 6 3 1 4 3 8 6 3 3 6 8 6 5 1 0 8 6 7 4 3 5 1 1 3 9 6 5 6 7 3 8 7 0 3 2 8 9 2 5 2 8 0 0 2 3 8 4 3 6 9 8 1 9 7 4 2 7 0 8 7 1 6 0 4 5 7 6 1 3 4 9 3 2 7 2 2 8 6 8 9 2 6 3 6 6 2 8 3 4 6 9 8 9 5 1 4 3 1 0 8 5 8 3 3 6 3 1 4 1 6 7 6 2 0 4 2 9 4 5 3 6 1 5 4 9 2 7 2 3 8 0 1 9 7 4 1 7 5 6 8 5 6 3 8 4 9 6 9 1 1 2 0 6 3 0 8 0 3 8 7 5 4 4 1 6 2 9 1 6 6 7 4 3 9 5 1 3 7 5 0 1 2 2 3 9 8 6 6 7 5 3 5 6 4 4 3 9 3 7 4 2 5 3 6 9 1 3 1 3 3 1 9 5 9 6 9 1 2 3 4 5 9 4 5 4 3 6 1 5 2 6 7 1 8 3 5 7 5 0 0 3 2 5 5 1 2 4 7 0 5 6 9 5 3 8 6 7 1 3 2 6 9 3 4 4 0 6 6 8 4 9 3 2 3 9 4 2 4 1 3 4 7 5 7 5 3 2 7 3 9 6 4 6 7 5 8 9 0 3 6 6 6 2 9 1 8 5 4 5 9 4 9 4 3 2 5 4 1 4 2 1 7 1 2 3 3 9 8 6 3 0 9 9 8 7 4 1 5 0 7 5 8 3 8 4 2 0 5 3 4 6 0 7 0 5 0 4 8 2 2 0 9 3 9 1 8 8 2 1 8 2 6 2 0 4 5 8 0 5 1 9 5 4 7 3 3 5 5
 -121 -490 -224 0
 298 127 -336 0
 -435 -478 375 0
 -166 -341 165 0
 -132 -210 88 0
 -246 -485 205 0
 448 192 375 0
 -263 -167 390 0
 148 -184 -178 0
 -196 -406 -202 0
 -353 362 -233 0
 53 213 125 0
 224 390 285 0
 245 -110 147 0
 463 -386 -351 0
 -100 55 -402 0
 -50 231 18 0
 -316 -20 4 0
 285 409 -38 0
 -455 -365 21 0
 233 -426 -429 0
 -18 188 -72 0
 242 -253 -392 0
 228 327 -384 0
 -211 -430 -450 0
 33 283 -414 0
 -213 -73 -23 0
 379 246 -440 0
 326 -214 -183 0
 136 -208 -397 0
 -66 -53 322 0
 238 -430 -51 0
 98 362 432 0
 445 278 212 0
 -316 -374 -194 0
 -103 429 -208 0
 -159 -301 134 0
 -489 -414 -17 0
 -285 277 -184 0
 -351 464 -294 0
 333 278 -322 0
 229 308 -203 0
 -75 482 497 0
 40 184 -102 0
 -211 358 -419 0
 -65 -70 -446 0
 386 -38 -333 0
 178 125 -446 0
 -490 -164 32 0
 305 203 174 0
 54 266 218 0
 322 4 -149 0
 -61 -252 127 0
 -422 55 239 0
 -125 -263 483 0
 -483 226 -323 0
 -393 -323 -405 0
 122 150 -443 0
 441 -178 -249 0
 459 303 47 0
 -327 497 425 0
 376 71 -466 0
 309 173 -275 0
 -166 262 49 0
 -449 -311 -286 0
 -54 467 -489 0
 -155 254 -101 0
 -193 -220 -249 0
 -234 249 41 0
 89 187 -467 0
 -435 -433 43 0
 239 287 143 0
 -67 -156 355 0
 431 461 226 0
 459 478 -176 0
 485 45 -3 0
 325 244 184 0
 432 192 144 0
 -73 327 -123 0
 336 279 366 0
 59 334 24 0
 -329 456 2 0
 409 -331 205 0
 -199 272 49 0
 -500 462 33 0
 361 -241 -137 0
 -350 -107 412 0
 5 123 244 0
 -37 446 117 0
 494 -358 187 0
 -224 15 448 0
 -115 300 304 0
 -202 232 165 0
 152 118 472 0
 377 314 103 0
 211 -153 45 0
 164 -224 259 0
 -288 196 90 0
 -168 383 -305 0
 330 78 439 0
 98 -146 269 0
 98 113 -304 0
 118 227 213 0
 82 -24 441 0
 15 230 -226 0
 -257 330 339 0
 428 219 -191 0
 284 304 441 0
 -301 -256 -40 0
 339 -477 331 0
 429 410 85 0
 408 238 -213 0
 90 212 203 0
 -365 -256 -93 0
 -59 -237 413 0
 44 -46 -99 0
 -212 313 -434 0
 -455 396 286 0
 148 -254 -364 0
 -202 -400 -416 0
 82 -445 -148 0
 38 12 -225 0
 74 446 -434 0
 -257 -187 238 0
 -293 349 333 0
 -337 426 474 0
 -155 -468 31 0
 7 -478 277 0
 176 266 -289 0
 152 226 336 0
 286 -99 -156 0
 -220 -340 249 0
 370 -415 -215 0
 213 -60 -296 0
 320 -337 416 0
 -312 -172 -1 0
 337 450 2 0
 -113 -417 -303 0
 205 65 339 0
 428 313 -85 0
 152 -412 25 0
 15 -295 -345 0
 -81 -381 -419 0
 376 -350 447 0
 437 -10 64 0
 -84 -200 282 0
 -74 290 256 0
 374 -394 -73 0
 442 309 -371 0
 -478 429 -460 0
 -27 -39 486 0
 364 -354 -164 0
 313 314 -441 0
 194 -484 -73 0
 160 -302 177 0
 -433 -280 428 0
 272 99 490 0
 24 115 124 0
 224 -382 -479 0
 -35 -436 -192 0
 -250 -60 291 0
 124 334 491 0
 471 207 361 0
 400 23 293 0
 -347 146 32 0
 -187 92 -430 0
 438 86 212 0
 -121 -475 -335 0
 495 416 -157 0
 -99 223 -318 0
 -380 -254 121 0
 -434 450 -448 0
 499 -190 -2 0
 401 -495 -186 0
 -144 96 -133 0
 -248 413 -213 0
 -237 -126 -155 0
 -449 -284 183 0
 -45 -447 259 0
 365 86 -248 0
 -103 409 316 0
 306 -130 -292 0
 189 -347 287 0
 -72 371 -84 0
 -362 477 -210 0
 -93 -329 -367 0
 321 -381 -415 0
 417 356 -282 0
 480 -336 -475 0
 -324 108 -87 0
 196 -334 312 0
 -442 198 116 0
 366 -101 257 0
 178 35 428 0
 -214 180 293 0
 378 415 -49 0
 -64 493 359 0
 -256 163 375 0
 -295 -185 472 0
 486 -119 -480 0
 373 -249 -470 0
 -410 -237 60 0
 478 485 -261 0
 -173 -82 -26 0
 425 466 -445 0
 32 -395 -326 0
 412 105 259 0
 246 360 -358 0
 339 365 -101 0
 470 117 -423 0
 -379 -337 -283 0
 71 161 -2 0
 432 -474 -417 0
 -6 304 396 0
 -17 189 -473 0
 78 -124 314 0
 -320 -367 -357 0
 -168 313 378 0
 216 426 -312 0
 -69 103 180 0
 187 -191 41 0
 145 -274 -341 0
 164 182 137 0
 -123 100 266 0
 31 -371 227 0
 -257 4 -340 0
 253 29 213 0
 440 328 -265 0
 -401 31 226 0
 9 160 -267 0
 -411 -132 -219 0
 -377 -180 94 0
 302 62 -435 0
 -225 149 -190 0
 -357 443 412 0
 -12 -425 76 0
 329 436 372 0
 -47 -306 -242 0
 -387 -270 242 0
 480 -138 -241 0
 401 -477 311 0
 -101 -500 473 0
 288 -112 434 0
 -485 -330 -480 0
 292 -95 360 0
 160 164 -487 0
 431 -125 459 0
 -134 349 -327 0
 -192 143 498 0
 482 -268 243 0
 481 -120 -113 0
 -432 -118 239 0
 200 318 -186 0
 -68 -492 151 0
 470 317 237 0
 157 329 -496 0
 117 -339 -471 0
 -397 281 -317 0
 -361 -317 449 0
 34 263 -206 0
 -359 -307 303 0
 117 -247 113 0
 483 -470 294 0
 104 251 -367 0
 -472 -474 300 0
 287 -174 -373 0
 62 316 378 0
 -341 -178 -295 0
 -67 -428 -302 0
 -238 24 365 0
 -234 338 -169 0
 -1 480 -92 0
 -472 -399 414 0
 -187 -477 -213 0
 -249 484 -369 0
 430 -216 286 0
 457 305 -380 0
 8 -155 -200 0
 401 266 484 0
 109 -420 -251 0
 491 71 78 0
 260 -342 -27 0
 -303 -240 -193 0
 215 207 328 0
 -496 -462 -273 0
 78 82 -376 0
 -49 -246 101 0
 -37 384 10 0
 201 262 -27 0
 -147 165 79 0
 -373 135 -34 0
 -137 -220 -446 0
 267 -140 124 0
 -375 472 -376 0
 -184 -460 -75 0
 356 411 -114 0
 277 19 -401 0
 -160 -43 -231 0
 -129 -349 451 0
 -493 -114 -283 0
 213 360 -397 0
 -366 220 -145 0
 262 330 -120 0
 171 182 -287 0
 -137 271 -58 0
 -352 447 -122 0
 49 -428 169 0
 -7 434 -335 0
 -223 -443 -22 0
 -71 -396 -262 0
 -162 140 85 0
 -314 377 322 0
 167 110 -460 0
 -410 283 -103 0
 -20 92 348 0
 330 -388 180 0
 -113 159 -63 0
 35 254 -167 0
 447 -402 -375 0
 -68 93 -372 0
 -468 -79 416 0
 339 -157 68 0
 -76 -249 34 0
 -146 -326 286 0
 -422 -93 288 0
 23 183 471 0
 372 209 196 0
 221 -352 -33 0
 -305 257 298 0
 352 -213 -439 0
 -97 155 204 0
 -221 -379 156 0
 305 -12 206 0
 173 -29 373 0
 62 -151 146 0
 -232 -334 -328 0
 65 223 -191 0
 252 -450 -300 0
 439 -352 -441 0
 -92 -211 157 0
 68 -440 -190 0
 -330 -312 431 0
 -157 320 -57 0
 29 60 358 0
 -409 -320 -444 0
 449 217 120 0
 -99 318 -38 0
 -383 -351 -104 0
 -124 125 103 0
 331 432 -35 0
 498 86 181 0
 416 -313 -445 0
 41 298 151 0
 425 260 498 0
 338 6 -212 0
 165 456 -472 0
 45 -22 -433 0
 24 149 -32 0
 424 -177 205 0
 366 -272 -214 0
 -255 12 1 0
 -174 243 188 0
 321 394 374 0
 149 495 -107 0
 285 -190 186 0
 -379 -440 -341 0
 182 -42 -131 0
 364 -71 -484 0
 319 -409 66 0
 59 -202 392 0
 -245 -487 -68 0
 127 482 176 0
 -356 -255 382 0
 450 335 -58 0
 -447 -18 -326 0
 359 -473 -304 0
 295 229 320 0
 -330 -289 230 0
 426 342 16 0
 -425 -376 -151 0
 342 -495 383 0
 -201 -296 -206 0
 158 473 154 0
 371 -102 -230 0
 27 -60 434 0
 -55 -496 -62 0
 91 460 273 0
 199 151 444 0
 -410 -389 237 0
 33 269 -355 0
 -408 81 494 0
 -142 -358 -135 0
 -440 -20 -348 0
 -49 -218 -435 0
 -89 -71 226 0
 -131 337 -399 0
 -133 -33 -256 0
 -421 498 178 0
 -59 -300 286 0
 342 225 421 0
 -470 436 425 0
 -241 -4 216 0
 383 355 450 0
 -354 453 -291 0
 -448 207 142 0
 -236 -313 69 0
 -23 -102 -293 0
 -79 -339 -170 0
 441 -285 84 0
 -284 -44 -204 0
 -57 72 231 0
 135 91 -154 0
 -164 484 139 0
 -53 8 -213 0
 392 -80 -376 0
 134 -453 -206 0
 -304 -72 -255 0
 -134 283 114 0
 -364 -228 262 0
 336 -62 -170 0
 447 -32 -187 0
 -466 -166 -305 0
 -461 168 -413 0
 -181 338 192 0
 -218 -499 -474 0
 429 -133 -63 0
 -207 -221 -249 0
 -288 -167 -131 0
 -443 73 394 0
 -36 178 155 0
 -369 -115 -217 0
 24 -69 -449 0
 142 -176 -181 0
 -309 129 139 0
 139 -228 273 0
 137 284 -352 0
 -287 -455 333 0
 90 105 455 0
 -31 78 -409 0
 -219 28 -451 0
 -404 358 -96 0
 -454 -438 480 0
 -226 22 -107 0
 313 -266 491 0
 -363 269 224 0
 453 436 -40 0
 -195 149 391 0
 45 -48 418 0
 68 -400 -389 0
 169 139 -486 0
 107 -160 223 0
 -409 176 101 0
 -306 357 428 0
 -353 481 -221 0
 451 -14 -100 0
 445 -282 24 0
 -147 -318 397 0
 -94 466 -334 0
 -75 190 110 0
 -346 344 -284 0
 -458 79 -87 0
 407 356 -486 0
 400 -270 125 0
 -433 321 -101 0
 364 -418 457 0
 44 -436 365 0
 43 166 -450 0
 -485 -484 443 0
 -207 436 341 0
 215 128 291 0
 -329 -258 -375 0
 468 -295 404 0
 168 228 -329 0
 11 -497 339 0
 -355 -362 -228 0
 404 -121 307 0
 384 446 -237 0
 -107 369 397 0
 -328 353 -303 0
 -281 -397 -268 0
 374 -19 -316 0
 370 -144 -444 0
 315 -301 -425 0
 -227 -214 -441 0
 401 -70 -92 0
 157 349 -441 0
 -378 33 417 0
 -110 406 -69 0
 239 431 142 0
 -76 -268 -213 0
 56 -478 -3 0
 -266 -120 -216 0
 426 300 -141 0
 -452 307 275 0
 486 -144 484 0
 -202 -323 -234 0
 119 -333 -386 0
 -37 -337 -2 0
 113 -324 -456 0
 -389 297 118 0
 406 286 186 0
 401 -342 182 0
 322 469 382 0
 -322 -87 229 0
 10 -45 338 0
 382 311 -450 0
 -198 381 480 0
 -405 -364 -27 0
 295 -390 455 0
 33 -49 216 0
 -393 463 21 0
 -415 164 78 0
 58 307 91 0
 280 388 -300 0
 452 230 -340 0
 187 -28 -386 0
 -7 16 -64 0
 -65 122 -188 0
 159 -117 -123 0
 -473 97 171 0
 -297 -244 331 0
 -90 -412 352 0
 -302 -344 466 0
 -308 487 -446 0
 102 323 469 0
 -313 -108 -114 0
 107 -349 -234 0
 -305 150 298 0
 -86 42 489 0
 318 -377 -52 0
 127 182 76 0
 -310 433 -219 0
 -164 -292 390 0
 -379 -107 -233 0
 357 361 133 0
 -186 299 127 0
 169 423 -384 0
 163 -327 -353 0
 -464 -115 -441 0
 -342 369 -307 0
 352 353 -83 0
 44 202 -481 0
 -291 288 -456 0
 30 332 483 0
 229 286 -122 0
 152 335 11 0
 411 -16 230 0
 240 476 -162 0
 -443 -145 -27 0
 -392 -49 315 0
 493 -384 98 0
 -206 276 -256 0
 79 -328 114 0
 -408 350 -140 0
 359 473 282 0
 452 -338 417 0
 235 -362 -393 0
 -453 293 -326 0
 -103 -278 -40 0
 -209 -268 -403 0
 430 469 317 0
 67 -11 -254 0
 -455 215 260 0
 177 237 -487 0
 -451 -268 220 0
 116 447 -93 0
 211 126 -471 0
 335 405 400 0
 -136 426 -172 0
 -385 -119 -29 0
 110 -480 -177 0
 -216 -238 -466 0
 291 -216 491 0
 340 269 -8 0
 386 428 -363 0
 -119 414 199 0
 -440 -299 69 0
 13 350 -172 0
 -50 -319 78 0
 -449 -189 284 0
 -259 413 -499 0
 -93 23 240 0
 -107 388 -117 0
 47 58 204 0
 415 200 428 0
 226 207 -385 0
 185 231 -107 0
 77 79 481 0
 226 -285 187 0
 332 -81 -454 0
 62 -58 312 0
 445 -98 -306 0
 -471 -499 -194 0
 -159 29 -363 0
 -3 -62 133 0
 -129 -275 224 0
 149 498 178 0
 447 -328 481 0
 -222 -111 -476 0
 -73 -409 188 0
 -134 365 12 0
 -321 360 -427 0
 314 -433 12 0
 -464 367 -151 0
 -92 238 380 0
 389 46 -334 0
 -88 480 -78 0
 412 464 1 0
 -468 125 295 0
 -155 -266 -272 0
 237 -196 331 0
 274 337 -148 0
 111 -195 12 0
 -49 482 229 0
 157 234 105 0
 -189 204 -98 0
 173 -302 307 0
 135 -71 -189 0
 -366 339 -233 0
 354 -394 113 0
 -281 -225 -125 0
 -191 -302 79 0
 231 -494 -478 0
 -314 -243 30 0
 -132 166 183 0
 498 -287 325 0
 -121 -20 243 0
 -283 -373 -45 0
 205 -114 -251 0
 223 40 -307 0
 366 353 -484 0
 -5 -233 -336 0
 -444 171 -302 0
 -490 334 -155 0
 -387 62 97 0
 -204 168 405 0
 165 494 338 0
 -492 -213 180 0
 -60 352 -262 0
 332 284 -276 0
 -464 -161 134 0
 167 -137 -454 0
 161 179 231 0
 -7 -113 396 0
 380 -446 -201 0
 208 186 -122 0
 -461 -157 -160 0
 -42 -218 272 0
 249 -323 310 0
 -195 -241 -254 0
 67 144 5 0
 -376 45 425 0
 342 136 -229 0
 349 -3 -281 0
 -424 -21 -372 0
 3 -16 -226 0
 154 -474 345 0
 -309 458 -134 0
 -56 93 -382 0
 -132 187 20 0
 -489 -154 352 0
 -256 -321 82 0
 -266 247 281 0
 136 -117 240 0
 -109 200 -389 0
 41 464 -87 0
 -358 310 -49 0
 -500 275 62 0
 133 -171 10 0
 -160 -478 102 0
 -381 293 21 0
 93 -33 111 0
 489 237 419 0
 -487 -358 46 0
 -112 408 -118 0
 398 285 180 0
 -320 -296 392 0
 186 292 167 0
 354 -453 226 0
 90 -361 488 0
 -487 325 -238 0
 108 -322 408 0
 -76 -290 -42 0
 -15 378 324 0
 -80 -165 -143 0
 460 423 368 0
 40 459 386 0
 293 220 -146 0
 261 -213 -130 0
 -149 333 251 0
 -286 312 -468 0
 -443 488 1 0
 442 -421 -263 0
 236 -229 175 0
 148 62 -259 0
 317 467 154 0
 37 381 -181 0
 421 113 -338 0
 -199 108 -48 0
 340 185 389 0
 208 -99 -470 0
 102 180 99 0
 -6 -164 -322 0
 -219 356 168 0
 176 -9 156 0
 452 -376 398 0
 307 -367 32 0
 -106 -325 -141 0
 -122 -434 -437 0
 322 -486 -439 0
 73 -445 -125 0
 -463 -240 -73 0
 -273 106 423 0
 499 -167 184 0
 230 31 47 0
 451 -139 237 0
 -43 -276 127 0
 4 155 -428 0
 -125 -404 416 0
 -218 -208 -272 0
 366 -350 -489 0
 -300 -283 26 0
 10 -34 -182 0
 341 218 494 0
 406 -101 63 0
 368 167 38 0
 -80 129 195 0
 177 -124 -216 0
 -277 -309 -326 0
 -130 21 -442 0
 -242 216 245 0
 165 100 396 0
 -133 306 308 0
 -39 49 366 0
 -27 -254 447 0
 89 -23 53 0
 -349 -71 469 0
 -338 431 209 0
 472 280 184 0
 -166 393 362 0
 419 55 141 0
 300 39 425 0
 358 -477 -92 0
 -382 -343 -118 0
 -423 419 466 0
 115 123 -373 0
 462 401 203 0
 383 -316 447 0
 -139 -499 -375 0
 -68 -432 489 0
 393 91 -390 0
 -481 -333 -423 0
 291 98 34 0
 -65 -333 -482 0
 211 317 293 0
 350 197 1 0
 -3 390 181 0
 12 492 -454 0
 413 120 489 0
 127 480 -228 0
 219 453 -78 0
 216 -430 -1 0
 258 -222 -248 0
 -137 276 -22 0
 -284 -98 197 0
 -254 385 138 0
 -335 -233 75 0
 371 350 295 0
 -160 -309 -182 0
 151 -405 398 0
 -183 -165 185 0
 -326 -222 125 0
 -88 134 -402 0
 145 371 -163 0
 -93 -453 48 0
 305 311 238 0
 -397 468 496 0
 274 -15 200 0
 281 226 390 0
 -272 76 -375 0
 239 345 404 0
 33 -208 -370 0
 -409 397 346 0
 444 -214 106 0
 399 303 -411 0
 -226 70 -273 0
 -412 -338 229 0
 -296 111 22 0
 410 269 337 0
 -375 -190 193 0
 230 15 201 0
 273 237 -250 0
 412 -133 371 0
 495 460 499 0
 164 314 -306 0
 -337 -441 332 0
 -187 -60 35 0
 -351 83 -197 0
 -319 456 479 0
 -435 258 285 0
 -232 -184 288 0
 334 437 12 0
 241 -194 -337 0
 463 -380 217 0
 -169 -413 -473 0
 82 -339 -66 0
 -61 -447 316 0
 -16 126 351 0
 136 -58 -257 0
 146 496 -405 0
 -204 -111 445 0
 22 -475 -121 0
 124 -279 -232 0
 -326 -485 -342 0
 484 234 -165 0
 -257 60 378 0
 -258 307 -87 0
 468 142 -222 0
 181 -237 263 0
 -257 -38 65 0
 375 103 -76 0
 30 388 480 0
 158 225 419 0
 198 -132 190 0
 -118 -48 88 0
 383 -343 -63 0
 472 402 -30 0
 303 -150 173 0
 227 -276 -492 0
 301 -105 197 0
 -276 -493 -456 0
 -249 -139 -120 0
 497 -3 -259 0
 -173 435 -115 0
 -364 254 -172 0
 254 -40 46 0
 -52 -292 -149 0
 93 -69 118 0
 -254 -440 144 0
 305 158 111 0
 -241 181 -432 0
 191 -161 324 0
 -477 -12 -424 0
 99 -478 186 0
 10 492 272 0
 -465 -450 -7 0
 324 -110 -149 0
 -301 -45 195 0
 -177 -124 -219 0
 493 -478 66 0
 -477 -323 -121 0
 -84 190 -232 0
 15 -38 -499 0
 214 167 -239 0
 -24 363 52 0
 -459 175 -266 0
 -452 100 -67 0
 276 203 -221 0
 309 200 -16 0
 322 -311 334 0
 164 -22 204 0
 -345 -90 108 0
 -457 -324 199 0
 -449 194 390 0
 226 308 -278 0
 279 -225 -487 0
 -263 117 211 0
 178 362 255 0
 -303 345 413 0
 -414 -353 23 0
 359 122 -274 0
 -491 -228 -107 0
 19 -103 -44 0
 437 -207 -49 0
 -421 -34 -428 0
 383 -75 -469 0
 401 -186 -150 0
 299 43 169 0
 496 -212 -44 0
 -412 418 445 0
 61 -110 349 0
 -494 -410 -349 0
 479 -62 -43 0
 137 -165 -492 0
 177 407 -100 0
 -280 304 -217 0
 401 142 319 0
 24 -19 -103 0
 -433 405 -238 0
 454 249 154 0
 433 427 353 0
 -321 -220 377 0
 -344 115 -11 0
 481 278 -463 0
 -61 -430 -418 0
 -466 -312 -377 0
 442 -203 -52 0
 186 -177 240 0
 256 -487 13 0
 131 289 358 0
 241 -436 49 0
 322 495 130 0
 188 -383 -406 0
 233 -477 25 0
 296 -5 403 0
 495 72 -164 0
 316 -25 385 0
 327 -473 489 0
 -32 212 -264 0
 365 68 -418 0
 325 -413 -178 0
 -39 268 107 0
 -171 -88 402 0
 80 -320 58 0
 129 353 247 0
 -213 117 -124 0
 308 -339 225 0
 264 -476 61 0
 73 -415 -44 0
 210 199 211 0
 203 -497 -6 0
 -96 -349 430 0
 225 403 430 0
 361 -467 450 0
 -104 341 170 0
 -293 -115 -439 0
 423 -368 253 0
 47 -96 255 0
 310 -16 192 0
 351 195 311 0
 464 -256 332 0
 -212 205 -288 0
 -62 56 355 0
 -155 -33 289 0
 264 -460 -114 0
 217 23 114 0
 263 246 -57 0
 -171 -357 274 0
 -77 394 -450 0
 -172 143 92 0
 -303 318 33 0
 -10 -440 -143 0
 -482 192 -90 0
 444 3 83 0
 309 204 497 0
 -287 373 136 0
 -478 -131 157 0
 459 -343 -264 0
 -124 -210 -356 0
 -285 453 446 0
 -111 -345 -404 0
 -33 -95 -353 0
 308 438 -148 0
 4 197 -467 0
 -400 319 111 0
 -339 8 -331 0
 -74 -102 315 0
 -401 149 -29 0
 295 1 -32 0
 471 -307 -362 0
 425 485 348 0
 164 457 -379 0
 260 -84 449 0
 38 219 27 0
 -29 421 -343 0
 458 -286 125 0
 340 344 -181 0
 -49 341 -3 0
 357 294 408 0
 -105 18 51 0
 6 -401 -471 0
 148 431 378 0
 183 -456 349 0
 287 436 -38 0
 271 243 -283 0
 371 154 417 0
 455 309 -110 0
 279 -172 -216 0
 402 372 -191 0
 390 117 210 0
 -23 58 453 0
 34 1 404 0
 -216 270 268 0
 170 -210 181 0
 -12 355 -441 0
 -213 2 383 0
 277 4 -138 0
 346 -50 -64 0
 -30 -391 31 0
 222 -462 451 0
 -145 418 390 0
 476 -217 -396 0
 242 75 -127 0
 -52 268 133 0
 400 234 -459 0
 -179 -151 129 0
 83 -412 -122 0
 455 -387 -80 0
 249 137 278 0
 108 440 -31 0
 260 -177 412 0
 -474 341 211 0
 368 -320 -283 0
 175 403 127 0
 -401 148 -174 0
 -131 -233 -266 0
 380 -499 -115 0
 -183 -373 303 0
 -431 46 -466 0
 -398 35 -414 0
 -342 250 420 0
 -259 257 15 0
 -99 337 -146 0
 -9 386 451 0
 38 -490 30 0
 -375 486 477 0
 33 -276 171 0
 -98 364 -239 0
 147 203 212 0
 194 -355 172 0
 205 390 122 0
 205 -87 -304 0
 434 217 73 0
 133 348 29 0
 292 -377 391 0
 90 269 453 0
 -227 25 -267 0
 109 472 -442 0
 9 474 105 0
 428 460 -158 0
 137 -399 -33 0
 -63 115 87 0
 58 338 -172 0
 253 -202 -104 0
 180 291 244 0
 -490 491 -332 0
 -483 209 18 0
 406 -243 129 0
 -105 -408 270 0
 -128 311 454 0
 202 -43 168 0
 388 -463 -465 0
 452 282 -277 0
 -223 426 -468 0
 301 430 414 0
 258 -92 -281 0
 109 403 189 0
 361 58 324 0
 30 172 -120 0
 -128 -62 -348 0
 -356 434 -58 0
 374 306 -245 0
 -382 -28 120 0
 -62 300 350 0
 -262 493 347 0
 66 195 173 0
 -447 293 172 0
 -157 102 425 0
 434 401 165 0
 170 277 218 0
 -303 -184 -25 0
 100 -200 248 0
 -123 384 -351 0
 -247 -337 -70 0
 -283 469 -491 0
 -122 347 -166 0
 144 307 -137 0
 -132 -52 199 0
 -410 -55 375 0
 -198 -389 407 0
 -239 -394 -79 0
 -170 -435 180 0
 -497 242 -212 0
 -360 -54 443 0
 -319 134 -189 0
 -458 299 135 0
 -337 -272 -393 0
 92 -396 -93 0
 389 -236 -214 0
 -64 51 -95 0
 167 471 356 0
 446 176 -438 0
 426 437 254 0
 446 -156 -253 0
 335 240 -16 0
 -476 245 228 0
 -406 244 -403 0
 -448 132 413 0
 260 -362 146 0
 56 -143 -74 0
 -340 248 137 0
 -461 271 -255 0
 308 361 -479 0
 393 199 182 0
 487 206 -215 0
 444 390 213 0
 466 -17 -414 0
 -267 76 -453 0
 186 -7 139 0
 398 191 -479 0
 74 341 -65 0
 371 -143 -261 0
 276 -313 498 0
 492 -132 -125 0
 -297 -188 7 0
 300 -138 384 0
 211 -56 315 0
 -238 -344 479 0
 223 -329 252 0
 417 4 415 0
 24 412 -47 0
 295 -301 64 0
 184 125 51 0
 -282 387 -310 0
 -12 440 -298 0
 81 -304 -315 0
 -401 -116 39 0
 401 92 357 0
 -96 -345 -103 0
 -474 16 -113 0
 -77 5 -27 0
 221 396 115 0
 56 33 17 0
 70 380 266 0
 244 263 -150 0
 452 -287 21 0
 179 -112 277 0
 -295 -19 23 0
 273 -469 -222 0
 -498 -496 179 0
 -255 28 288 0
 -291 -342 -329 0
 -429 -47 229 0
 324 330 -370 0
 108 363 -301 0
 467 -244 32 0
 246 -213 275 0
 302 -250 225 0
 -454 80 453 0
 3 398 -233 0
 494 235 -439 0
 -174 140 167 0
 -132 429 404 0
 191 -462 170 0
 -216 -109 299 0
 -325 70 -365 0
 -436 -129 -21 0
 -200 -428 -173 0
 13 -95 -349 0
 -246 314 -300 0
 -476 428 356 0
 -300 -15 66 0
 376 246 17 0
 306 19 -184 0
 -288 -432 189 0
 193 -491 345 0
 -69 -318 119 0
 304 386 -429 0
 -226 450 -229 0
 191 59 286 0
 -422 -453 396 0
 97 134 -242 0
 454 -475 370 0
 -489 -55 -45 0
 -140 -287 -426 0
 83 -295 26 0
 19 35 262 0
 -184 13 328 0
 415 -207 271 0
 -481 -333 -493 0
 228 178 -87 0
 376 -198 300 0
 -389 451 99 0
 84 118 -360 0
 -79 145 -490 0
 172 98 437 0
 103 -20 -81 0
 -108 -74 485 0
 -460 229 435 0
 136 20 -69 0
 140 -401 -414 0
 412 49 -195 0
 135 50 -344 0
 287 199 174 0
 73 44 115 0
 47 -440 -301 0
 325 134 76 0
 -258 110 176 0
 -478 64 186 0
 -233 280 34 0
 91 -370 12 0
 -234 -356 486 0
 192 340 -97 0
 291 453 -9 0
 -285 -146 259 0
 76 113 194 0
 -374 -17 -65 0
 -432 -391 339 0
 331 -375 250 0
 227 406 -450 0
 -457 153 -1 0
 -318 194 -345 0
 349 171 198 0
 134 399 -429 0
 -146 240 107 0
 218 427 -115 0
 -56 399 58 0
 229 307 274 0
 -30 453 -73 0
 310 -232 408 0
 386 -156 441 0
 299 -240 -172 0
 93 129 -151 0
 413 224 48 0
 -280 432 -393 0
 309 22 395 0
 289 67 -258 0
 -123 113 -224 0
 -17 -161 -323 0
 411 231 -1 0
 -9 -96 409 0
 25 -234 187 0
 -55 229 452 0
 -321 167 442 0
 151 -481 -112 0
 328 210 -204 0
 -75 181 450 0
 168 -355 141 0
 -83 -38 -359 0
 102 309 -244 0
 440 -176 -389 0
 18 -109 420 0
 -23 245 -353 0
 408 156 -462 0
 207 -203 -50 0
 -473 13 -323 0
 148 -2 -454 0
 419 311 -191 0
 -367 -252 15 0
 -450 -467 -269 0
 -123 -82 416 0
 344 -451 -387 0
 49 -450 -53 0
 395 69 372 0
 -96 -176 -145 0
 469 495 423 0
 -27 456 -169 0
 -335 169 65 0
 -196 255 -271 0
 -71 -198 -36 0
 14 122 -89 0
 -411 -267 171 0
 -166 345 336 0
 118 474 479 0
 116 178 -171 0
 -66 -415 35 0
 -348 210 98 0
 86 -496 -73 0
 252 -299 18 0
 106 -384 -301 0
 193 105 -347 0
 364 -200 213 0
 -392 449 397 0
 -20 59 283 0
 -279 64 -272 0
 -381 -426 253 0
 116 468 -279 0
 142 -130 338 0
 -206 -359 -445 0
 -140 481 89 0
 -484 -288 15 0
 -32 -436 65 0
 -289 -292 -500 0
 11 -50 477 0
 -193 372 281 0
 482 423 226 0
 -334 -69 -417 0
 13 -120 -254 0
 82 -370 62 0
 -473 -453 23 0
 5 -212 241 0
 -136 -53 166 0
 -326 -277 92 0
 368 271 425 0
 41 -348 297 0
 203 436 -22 0
 -345 71 -495 0
 -404 -426 -285 0
 81 53 -297 0
 -367 61 177 0
 53 93 495 0
 323 343 -115 0
 279 -288 -41 0
 -435 -418 97 0
 246 349 213 0
 -180 146 384 0
 324 279 13 0
 -46 -104 -132 0
 -32 155 -332 0
 402 185 296 0
 -433 359 -286 0
 226 -205 244 0
 -361 161 191 0
 278 473 50 0
 10 245 -469 0
 92 -452 -488 0
 402 -426 -77 0
 13 -422 -40 0
 -232 -400 -77 0
 446 -459 436 0
 -20 224 159 0
 -233 -74 272 0
 474 -105 -187 0
 190 98 413 0
 -126 287 -10 0
 429 158 356 0
 -437 -318 424 0
 -210 -110 -122 0
 249 368 -8 0
 396 -65 -37 0
 -41 356 -243 0
 71 -389 400 0
 -90 -268 -331 0
 -341 -248 451 0
 21 14 182 0
 -366 445 -484 0
 147 -403 268 0
 -232 -273 470 0
 -11 38 1 0
 301 71 -188 0
 -220 -148 -421 0
 186 -237 494 0
 -86 460 254 0
 -248 -115 246 0
 307 64 364 0
 -378 80 387 0
 -218 152 95 0
 277 362 76 0
 -183 -212 -307 0
 1 324 -494 0
 -400 -122 247 0
 -236 -478 -459 0
 -99 109 -499 0
 -142 82 -294 0
 76 32 -375 0
 435 -152 -330 0
 -158 248 -99 0
 153 275 285 0
 433 -44 346 0
 -398 65 -108 0
 267 142 452 0
 -164 -44 -124 0
 392 -431 71 0
 492 485 -92 0
 201 -34 -191 0
 341 -438 255 0
 319 -38 -59 0
 297 231 243 0
 177 -194 -303 0
 -449 -491 -135 0
 233 207 190 0
 91 -41 470 0
 -353 278 -445 0
 -93 63 -375 0
 -141 -495 -297 0
 -169 290 163 0
 471 180 397 0
 -192 -156 60 0
 194 428 85 0
 -130 58 -355 0
 367 372 171 0
 -477 466 340 0
 403 397 113 0
 456 207 -112 0
 217 425 153 0
 432 -477 323 0
 -48 -190 82 0
 -276 -40 -263 0
 186 -70 48 0
 378 -227 25 0
 97 308 188 0
 -314 106 127 0
 -468 289 469 0
 486 237 -467 0
 183 339 -182 0
 -320 215 213 0
 476 281 382 0
 374 147 -481 0
 351 -186 -358 0
 -302 469 98 0
 90 84 -128 0
 168 -122 154 0
 16 308 -99 0
 235 173 69 0
 -217 374 -442 0
 378 -238 -107 0
 -140 -162 -454 0
 -103 -208 315 0
 -383 -293 187 0
 -365 260 268 0
 -218 -432 -63 0
 -336 -271 88 0
 -36 41 -464 0
 -326 -244 -370 0
 -106 293 -28 0
 -1 496 282 0
 478 494 -34 0
 118 306 97 0
 -327 477 343 0
 130 -323 -19 0
 42 101 44 0
 -246 -465 -428 0
 410 245 342 0
 -354 -39 -85 0
 -161 -73 -323 0
 115 195 -217 0
 -493 248 -131 0
 251 -83 424 0
 409 298 -228 0
 216 247 -365 0
 433 294 479 0
 471 128 -401 0
 -281 -297 276 0
 385 185 14 0
 320 334 -348 0
 -491 -458 471 0
 352 -397 203 0
 489 173 -386 0
 205 -439 24 0
 -472 -386 -150 0
 52 157 -330 0
 220 76 11 0
 -297 -56 -369 0
 223 -96 165 0
 -326 156 -147 0
 94 349 -54 0
 -250 416 19 0
 137 -405 416 0
 213 308 415 0
 -266 -148 -264 0
 -285 463 -288 0
 -363 168 -401 0
 180 296 -202 0
 -278 -498 73 0
 92 4 -408 0
 43 -334 -82 0
 -345 222 -352 0
 -246 -235 -447 0
 -169 -257 5 0
 235 -491 431 0
 414 319 -35 0
 -287 -411 320 0
 309 422 260 0
 133 449 -42 0
 -99 145 18 0
 322 452 -282 0
 -370 142 325 0
 -451 -338 -239 0
 -231 133 -383 0
 -283 -197 -319 0
 -275 380 274 0
 -57 -65 471 0
 258 -422 484 0
 -109 -301 291 0
 -500 202 -130 0
 354 -148 112 0
 397 -355 -271 0
 -425 154 430 0
 374 30 -448 0
 280 -313 7 0
 384 478 68 0
 188 279 -348 0
 109 168 362 0
 -100 -234 113 0
 -474 -27 20 0
 28 159 -153 0
 -384 252 -272 0
 172 -295 -446 0
 458 450 44 0
 372 -43 -77 0
 -41 -413 -39 0
 217 -20 -160 0
 -388 95 34 0
 -99 -371 406 0
 444 -457 -396 0
 -173 -125 134 0
 113 236 -256 0
 435 478 -452 0
 213 448 -423 0
 84 470 288 0
 365 -102 -132 0
 162 -487 -54 0
 -88 350 488 0
 98 441 -45 0
 -136 -40 -388 0
 -453 395 -151 0
 371 -251 -137 0
 -422 250 161 0
 -432 -87 -33 0
 290 -78 356 0
 311 128 -192 0
 -146 -89 150 0
 326 -494 -122 0
 97 -434 101 0
 -427 -108 -49 0
 381 376 -340 0
 -57 494 -180 0
 468 59 413 0
 -500 185 265 0
 -318 145 307 0
 -244 -229 337 0
 19 -113 -495 0
 -26 -290 -364 0
 172 430 21 0
 137 -15 434 0
 136 344 271 0
 -255 -167 443 0
 364 -441 -37 0
 -305 -267 150 0
 70 361 -158 0
 -132 -441 -105 0
 376 -255 -28 0
 222 -336 186 0
 254 494 -365 0
 -98 59 -95 0
 -20 125 445 0
 282 -38 264 0
 84 -170 285 0
 -455 -2 21 0
 -488 -59 23 0
 -427 -58 -10 0
 482 -189 232 0
 292 166 -186 0
 -265 445 -100 0
 432 -163 -482 0
 247 401 -158 0
 -451 -166 160 0
 -298 -220 -178 0
 -277 109 -216 0
 130 -259 225 0
 -493 -136 -207 0
 349 -115 -83 0
 268 142 303 0
 342 412 -343 0
 -465 -474 -80 0
 317 339 76 0
 87 -446 133 0
 -398 -326 -70 0
 209 -369 -379 0
 319 -341 -382 0
 -387 -299 -322 0
 -384 -112 -445 0
 6 -426 21 0
 -139 -459 72 0
 -256 181 152 0
 389 363 417 0
 -426 491 -477 0
 -373 -223 -127 0
 -313 -447 83 0
 103 153 -345 0
 344 238 272 0
 -83 -18 -222 0
 156 356 -197 0
 -160 -144 -449 0
 368 -380 -267 0
 -155 136 -177 0
 465 269 -248 0
 -414 -260 438 0
 -345 -304 -32 0
 -438 143 318 0
 440 99 424 0
 448 199 107 0
 -361 348 -192 0
 -365 27 464 0
 365 -46 82 0
 -149 -57 -69 0
 -462 -449 468 0
 -161 488 -59 0
 337 209 -34 0
 -338 126 -1 0
 -361 36 -56 0
 376 -151 59 0
 490 -42 -148 0
 -291 100 11 0
 440 -402 -149 0
 -316 64 129 0
 489 287 -316 0
 -27 10 399 0
 255 130 478 0
 311 -191 -233 0
 -495 -196 -211 0
 -436 185 -493 0
 -397 298 144 0
 -293 491 -474 0
 -347 228 210 0
 -263 80 -313 0
 335 -269 -324 0
 278 -210 164 0
 382 -309 417 0
 -97 167 203 0
 -219 62 -115 0
 197 322 -367 0
 62 -106 -356 0
 -216 480 282 0
 291 -120 91 0
 131 -174 -190 0
 -318 -465 99 0
 -97 221 311 0
 -446 441 36 0
 197 321 -218 0
 -142 -278 187 0
 179 359 248 0
 -41 -130 6 0
 250 154 2 0
 -317 73 -126 0
 -488 -127 467 0
 281 439 173 0
 84 63 224 0
 -101 160 50 0
 88 -357 -19 0
 -74 -4 294 0
 9 -386 101 0
 499 434 40 0
 -404 -462 -93 0
 243 102 210 0
 337 -489 -216 0
 437 -254 475 0
 339 -87 462 0
 85 -416 54 0
 -20 -479 -217 0
 323 463 333 0
 -376 -471 314 0
 -482 -356 -187 0
 -401 248 246 0
 276 -131 419 0
 460 -207 345 0
 410 362 24 0
 -16 -285 405 0
 57 370 -283 0
 -477 120 -20 0
 -245 112 -459 0
 10 382 143 0
 -230 -81 471 0
 -298 -444 -410 0
 -144 -463 -477 0
 106 81 -492 0
 -486 318 -104 0
 -346 -29 291 0
 -101 -400 -446 0
 -279 -158 355 0
 -450 -444 -354 0
 -236 -425 404 0
 -225 82 239 0
 229 444 -134 0
 -411 235 -77 0
 -34 -368 355 0
 -213 7 413 0
 -27 -283 142 0
 -219 75 61 0
 62 -163 230 0
 495 33 161 0
 -462 176 429 0
 -422 302 -388 0
 264 329 443 0
 425 496 -434 0
 -31 26 -91 0
 -395 -254 -235 0
 16 159 -110 0
 -230 -269 332 0
 315 -47 208 0
 268 8 402 0
 221 -156 -120 0
 372 219 -36 0
 -272 190 334 0
 259 443 433 0
 -226 28 -443 0
 225 470 -42 0
 -248 159 -187 0
 494 -224 295 0
 204 128 178 0
 452 266 461 0
 335 473 239 0
 -281 430 449 0
 -305 -277 -460 0
 -68 257 -92 0
 415 87 -136 0
 87 246 -124 0
 404 -249 -378 0
 288 -119 136 0
 319 -186 -16 0
 -485 482 285 0
 205 341 -55 0
 460 -430 -131 0
 286 -26 411 0
 288 197 470 0
 -226 201 -73 0
 -59 78 -438 0
 -196 -439 46 0
 415 124 17 0
 424 263 407 0
 -420 300 46 0
 -98 -491 312 0
 -120 337 -147 0
 -472 329 -187 0
 186 -430 -127 0
 147 -431 -30 0
 300 497 -93 0
 -17 -67 -480 0
 -268 -386 -42 0
 235 -304 203 0
 432 -275 -45 0
 193 96 -326 0
 20 -500 -378 0
 266 194 -367 0
 216 11 -125 0
 443 -184 88 0
 372 208 -363 0
 -327 126 326 0
 -374 474 67 0
 412 -361 -78 0
 247 47 354 0
 -495 -461 -8 0
 468 -250 234 0
 90 359 164 0
 -309 248 -107 0
 -279 -375 11 0
 -426 4 23 0
 -425 -100 -285 0
 -424 -380 397 0
 93 -2 -318 0
 -277 330 -52 0
 -453 -493 -339 0
 -19 -50 -487 0
 -256 144 434 0
 161 198 125 0
 57 438 -323 0
 -389 -171 457 0
 -288 -317 379 0
 31 492 -368 0
 208 -89 207 0
 13 -255 427 0
 -298 391 -392 0
 -85 -132 475 0
 -75 48 -359 0
 -347 196 -360 0
 219 -232 422 0
 -19 275 366 0
 243 -295 -195 0
 285 -409 100 0
 456 -457 473 0
 -102 -253 418 0
 -114 -211 245 0
 181 -209 448 0
 -338 165 418 0
 -90 358 -29 0
 -67 149 280 0
 -462 -219 174 0
 70 -227 -31 0
 244 11 99 0
 -199 290 463 0
 344 -266 260 0
 -413 81 80 0
 331 -338 -108 0
 -444 403 -64 0
 -246 357 309 0
 -276 -201 117 0
 362 305 -163 0
 -223 -226 241 0
 -59 222 497 0
 -62 393 -481 0
 175 -355 409 0
 -305 484 -53 0
 165 433 -343 0
 -3 -298 -288 0
 342 94 -461 0
 66 447 310 0
 105 448 397 0
 -265 473 -15 0
 467 179 -16 0
 -69 97 -113 0
 33 296 272 0
 433 129 -73 0
 -383 250 -349 0
 127 96 31 0
 49 -428 73 0
 -374 249 -403 0
 -482 -342 -396 0
 -184 -235 -385 0
 88 -254 280 0
 33 67 369 0
 -62 -212 -329 0
 -474 -32 163 0
 131 -164 431 0
 441 -36 -169 0
 -43 330 386 0
 176 -304 376 0
 56 -160 37 0
 191 309 358 0
 14 -125 -169 0
 338 -19 371 0
 95 -480 -1 0
 -43 256 -319 0
 136 -289 236 0
 429 417 -58 0
 -158 150 -462 0
 50 405 377 0
 -388 -64 -232 0
 140 213 394 0
 -263 -478 229 0
 335 -152 -115 0
 244 191 -102 0
 185 -342 -149 0
 -29 -237 -271 0
 -22 301 -304 0
 14 -452 188 0
 466 -31 -167 0
 4 176 131 0
 -318 131 370 0
 304 -33 -366 0
 91 -324 -201 0
 334 -144 335 0
 308 -111 143 0
 -52 -177 45 0
 -55 370 337 0
 -189 264 282 0
 -457 -259 496 0
 99 258 -262 0
 -2 291 233 0
 359 -197 3 0
 -120 -362 233 0
 -254 284 -238 0
 -374 -250 -68 0
 159 -397 -204 0
 311 304 -493 0
 412 -191 461 0
 -4 -85 -225 0
 -178 290 468 0
 -286 344 -363 0
 -243 96 347 0
 303 62 -223 0
 383 -38 139 0
 357 -465 -206 0
 -480 -70 415 0
 8 152 187 0
 299 -159 17 0
 498 327 -358 0
 -441 425 -485 0
 236 -85 458 0
 241 -252 -197 0
 -483 8 113 0
 -423 298 334 0
 221 -425 -328 0
 -10 430 -293 0
 -473 180 -255 0
 -319 383 56 0
 -229 -57 -123 0
 -169 4 -17 0
 162 189 -305 0
 -242 -234 -233 0
 139 -213 242 0
 414 177 -373 0
 -184 469 -396 0
 294 -44 -424 0
 365 369 62 0
 -92 39 -292 0
 -196 136 -263 0
 263 -375 488 0
 329 -254 -91 0
 365 100 -12 0
 124 23 438 0
 70 -83 -493 0
 167 481 466 0
 196 450 -400 0
 -401 -467 -150 0
 -492 16 401 0
 178 265 77 0
 -76 -23 -183 0
 -371 171 -458 0
 -457 -264 -114 0
 71 -339 276 0
 -48 351 247 0
 307 224 19 0
 148 -267 468 0
 103 -433 45 0
 247 34 253 0
 165 -204 -429 0
 339 -215 272 0
 163 86 -248 0
 386 -417 133 0
 -499 475 -443 0
 466 -270 -239 0
 181 9 15 0
 391 186 224 0
 -374 188 275 0
 -16 302 84 0
 -327 15 -9 0
 179 215 -339 0
 -308 40 -118 0
 -142 155 60 0
 -423 124 -470 0
 -434 -468 319 0
 -282 -77 -107 0
 425 -156 -12 0
 -346 110 -36 0
 288 280 -247 0
 -328 -392 -25 0
 -271 -38 -297 0
 97 -196 -433 0
 -95 -99 -41 0
 -47 -486 323 0
 -393 -31 -395 0
 -281 154 326 0
 -178 -77 495 0
 309 -222 -224 0
 -101 285 -368 0
 -109 71 36 0
 -338 395 203 0
 233 -451 -119 0
 -333 -131 112 0
 -483 26 402 0
 270 -222 280 0
 -109 -344 143 0
 104 454 408 0
 63 190 127 0
 -216 206 -55 0
 455 -201 -259 0
 -117 -384 -89 0
 458 -301 327 0
 50 -74 -87 0
 -321 -76 319 0
 390 -326 170 0
 209 321 199 0
 -74 308 290 0
 -339 44 191 0
 -135 343 -402 0
 43 -46 -406 0
 -493 -295 -58 0
 -267 479 178 0
 -28 241 302 0
 62 -356 -393 0
 290 -257 1 0
 475 376 305 0
 -437 -82 326 0
 73 -376 -67 0
 275 109 -217 0
 236 -283 -1 0
 -132 464 339 0
 -243 218 -96 0
 -440 -463 353 0
 -500 455 230 0
 39 -122 195 0
 -470 50 295 0
 -64 -188 323 0
 -57 -135 -231 0
 -247 406 -492 0
 -469 297 173 0
 -125 -37 132 0
 298 63 -301 0
 -143 215 187 0
 -361 -162 67 0
 -212 348 127 0
 322 -207 48 0
 -58 427 -196 0
 -352 468 60 0
 -104 269 -106 0
 -393 -226 315 0
 152 -116 467 0
 206 330 109 0
 303 235 42 0
 187 82 497 0
 342 -4 424 0
 -201 -335 -184 0
 -63 59 235 0
 -117 -69 -348 0
 -477 -430 -107 0
 132 -318 423 0
 -158 -385 -134 0
 -248 450 120 0
 383 462 342 0
 127 402 -425 0
 168 -91 -334 0
 98 -28 -355 0
 33 -47 302 0
 352 -110 141 0
 -67 61 43 0
 403 368 -293 0
 -300 -85 -291 0
 76 157 269 0
 500 -210 355 0
 410 284 405 0
 -278 -413 359 0
 -294 -332 -247 0
 305 -45 -268 0
 58 -326 61 0
 -297 210 19 0
 441 19 268 0
 176 -382 -169 0
 -331 100 438 0
 57 394 13 0
 -30 -17 120 0
 -262 396 68 0
 -285 386 -65 0
 244 -254 -54 0
 379 388 190 0
 124 8 -33 0
 292 122 376 0
 76 -359 484 0
 315 108 229 0
 -290 -451 29 0
 -392 453 -8 0
 -312 -397 -189 0
 310 -458 313 0
 448 2 -15 0
 372 449 81 0
 -46 160 -7 0
 -167 457 -56 0
 221 146 -164 0
 32 -428 415 0
 -38 -465 496 0
 161 -326 -464 0
 -496 -18 -242 0
 -457 401 -319 0
 71 268 -161 0
 34 -345 186 0
 176 430 -462 0
 400 404 184 0
 217 189 -106 0
 -370 493 270 0
 240 -57 -437 0
 -186 150 61 0
 154 23 66 0
 -273 -185 378 0
 172 -470 444 0
 -126 71 -431 0
 -332 292 -214 0
 -330 -98 -325 0
 152 -308 -177 0
 -456 171 -218 0
 -274 481 103 0
 272 -254 419 0
 -439 430 -373 0
 -69 306 -208 0
 432 300 -29 0
 -270 -450 -459 0
 466 -15 -346 0
 271 -321 239 0
 156 -225 434 0
 74 -222 376 0
 -292 1 -227 0
 443 -392 14 0
 -350 -348 -402 0
 -449 -351 418 0
 -489 378 -407 0
 202 -115 114 0
 209 -182 446 0
 79 -169 350 0
 267 -111 24 0
 -127 -443 158 0
 -331 -464 494 0
 -432 -1 121 0
 -443 11 -430 0
 46 492 279 0
 -425 291 -392 0
 240 -404 -266 0
 -159 437 294 0
 195 230 64 0
 -292 -327 314 0
 -430 143 -29 0
 196 -217 -457 0
 -102 -11 -64 0
 -462 191 -395 0
 163 -354 365 0
 -284 121 394 0
 276 -134 -227 0
 -91 475 335 0
 -183 488 103 0
 113 374 -60 0
 -96 -488 -308 0
 184 -217 -106 0
 -140 295 -289 0
 -129 56 -63 0
 -425 -329 -417 0
 -125 453 -69 0
 -248 329 357 0
 441 -153 69 0
 -468 38 -428 0
 -221 -469 338 0
 -180 72 171 0
 144 454 -195 0
 393 18 390 0
 153 -53 228 0
 431 -269 429 0
 339 -319 285 0
 -18 -474 -419 0
 158 360 -232 0
 360 62 -112 0
 -16 -170 -313 0
 -96 -276 -42 0
 29 52 128 0
 182 -93 244 0
 -422 240 265 0
 59 -360 318 0
 227 11 -341 0
 -335 -102 -210 0
 -326 45 181 0
 483 -469 409 0
 -9 120 467 0
 421 -317 -310 0
 -387 -221 -340 0
 198 -102 318 0
 187 -363 -316 0
 -95 -419 235 0
 495 152 343 0
 -494 257 -218 0
 -333 -344 -280 0
 -233 -183 406 0
 -88 -500 366 0
 53 -345 117 0
 212 17 133 0
 45 -172 -39 0
 128 -171 -272 0
 -427 -200 -148 0
 -36 164 -184 0
 -59 426 418 0
 291 -164 314 0
 177 -129 -160 0
 357 340 -300 0
 7 400 333 0
 456 150 6 0
 -460 -360 -283 0
 -338 -198 145 0
 166 -409 37 0
 154 -163 29 0
 375 -287 420 0
 240 -204 -462 0
 83 -352 -405 0
 -229 281 211 0
 -489 -142 418 0
 -232 294 -400 0
 334 43 -430 0
 -479 195 161 0
 -327 319 137 0
 -89 -215 -336 0
 -56 -448 -395 0
 450 -322 -493 0
 -254 89 34 0
 116 -383 -113 0
 178 86 -377 0
 342 331 78 0
 -90 121 129 0
 9 315 311 0
 396 427 486 0
 277 80 214 0
 96 -152 114 0
 -92 433 -276 0
 -428 154 495 0
 -258 -387 256 0
 147 -39 400 0
 -209 394 -155 0
 74 86 473 0
 141 -297 -363 0
 -365 -270 397 0
 -126 -83 331 0
 378 57 -213 0
 -136 434 95 0
 -222 196 58 0
 -355 305 223 0
 21 -327 468 0
 158 498 -204 0
 116 324 491 0
 142 -28 182 0
 -389 38 305 0
 230 65 360 0
 63 398 409 0
 364 184 215 0
 -217 484 410 0
 -244 -331 -395 0
 -77 266 -168 0
 350 -154 352 0
 -44 -352 -328 0
 -211 -209 -147 0
 195 -47 168 0
 397 212 196 0
 -48 -62 352 0
 272 -45 -284 0
 -457 368 -72 0
 -135 461 121 0
 -292 -193 -274 0
 134 -72 423 0
 75 -332 -65 0
 471 -142 -436 0
 -461 181 330 0
 64 -77 -344 0
 380 -118 -272 0
 -489 -434 -396 0
 42 -175 -358 0
 91 265 -208 0
 62 195 177 0
 -55 21 16 0
 -302 -381 -181 0
 -74 261 471 0
 344 198 -46 0
 -355 -189 117 0
 243 -480 384 0
 365 206 337 0
 364 -488 378 0
 -256 26 327 0
 -310 -162 305 0
 275 -155 489 0
 -362 407 477 0
 102 81 280 0
 425 438 369 0
 -225 28 327 0
 -256 -282 -71 0
 -444 209 -361 0
 116 110 44 0
 -15 363 -263 0
 -467 -187 410 0
 46 -500 -32 0
 -302 130 -443 0
 -124 -243 -179 0
 -66 41 131 0
 -84 203 -396 0
 412 -114 -18 0
 -74 -81 234 0
 368 31 467 0
 -301 -50 -318 0
 -118 137 -169 0
 -143 -459 -1 0
 407 88 424 0
 -106 462 -329 0
 338 -373 -316 0
 -442 185 -300 0
 176 -488 -441 0
 311 310 -159 0
 -175 55 96 0
 -444 -28 -12 0
 -453 -439 -199 0
 -139 142 385 0
 356 324 402 0
 -299 -359 398 0
 -230 114 448 0
 218 -156 -315 0
 387 -426 466 0
 294 213 227 0
 33 -309 455 0
 -322 -216 393 0
 -266 -230 -17 0
 -448 -434 373 0
 -54 -454 31 0
 -356 198 61 0
 -470 158 392 0
 -81 119 -219 0
 180 252 198 0
 -294 177 -14 0
 100 117 415 0
 489 -102 65 0
 10 -461 487 0
 273 -102 -77 0
 -78 273 -245 0
 -115 -200 -206 0
 277 -163 352 0
 29 -286 265 0
 -399 4 -97 0
 385 251 -263 0
 291 142 266 0
 -91 -198 8 0
 433 -248 -402 0
 200 -434 -424 0
 201 -249 399 0
 3 130 229 0
 351 -251 -109 0
 71 147 -228 0
 464 140 -253 0
 130 -135 -183 0
 -55 2 396 0
 -383 -160 -75 0
 53 -228 426 0
 187 -121 -117 0
 197 -131 -242 0
 -350 -173 -406 0
 197 -187 424 0
 -365 53 -42 0
 -447 175 419 0
 -409 244 -323 0
 -438 -270 100 0
 -350 22 -266 0
 -103 343 37 0
 254 416 443 0
 -154 -262 -46 0
 494 437 -205 0
 -25 -353 -351 0
 490 -464 407 0
 222 162 484 0
 10 312 -344 0
 68 -69 -201 0
 -308 266 -463 0
 -58 -289 373 0
 -205 439 -454 0
 -380 -289 -109 0
 255 261 343 0
 371 275 -92 0
 443 -155 409 0
 336 -322 174 0
 -152 -45 -304 0
 -77 -1 -5 0
 -486 142 -317 0
 -36 180 189 0
 200 405 -309 0
 -80 -93 129 0
 -256 -79 116 0
 -441 440 380 0
 -477 157 125 0
 276 -498 -160 0
 333 -121 -433 0
 122 -175 -71 0
 -467 269 -260 0
 -102 -144 -275 0
 -417 -292 464 0
 -140 -327 -283 0
 -413 162 -235 0
 -178 10 401 0
 425 -219 -16 0
 -49 85 354 0
 -347 359 103 0
 102 358 -192 0
 -218 -384 295 0
 -217 -170 93 0
 -418 494 68 0
 3 -422 79 0
 -159 188 -413 0
 -139 271 -166 0
 -250 466 478 0
 -449 264 365 0
 -7 -474 -299 0
 -390 405 -77 0
 270 56 -256 0
 -414 79 -471 0
 16 300 -422 0
 -175 -336 199 0
 419 -213 499 0
 354 410 -232 0
 80 -158 420 0
 441 443 -389 0
 -281 -244 -243 0
 270 -8 -361 0
 -27 186 -57 0
 478 468 -345 0
 411 425 -494 0
 -161 -140 107 0
 35 492 -292 0
 320 -203 295 0
 -63 225 365 0
 -57 -219 -428 0
 88 191 -272 0
 230 408 -90 0
 175 55 -27 0
 -444 356 195 0
 -351 136 -468 0
 393 -282 -141 0
 -169 -440 -340 0
 210 -496 261 0
 306 -208 185 0
 264 -344 418 0
 -266 -494 116 0
 173 14 436 0
 373 71 -392 0
 -446 288 311 0
 173 221 62 0
 7 408 112 0
 -449 442 385 0
 -19 24 -179 0
 92 174 256 0
 478 234 -204 0
 -124 -100 -62 0
 93 304 -428 0
 -397 201 375 0
 -466 -87 253 0
 356 -494 195 0
 -296 131 -281 0
 161 -297 492 0
 -292 438 267 0
 -466 256 -263 0
 -457 401 43 0
 -42 -178 153 0
 211 422 402 0
 391 28 -245 0
 -194 131 444 0
 -495 91 179 0
 199 -353 297 0
 341 350 -495 0
 281 -335 84 0
 458 -479 -284 0
 462 500 -472 0
 403 -397 241 0
 -134 218 -280 0
 248 10 -238 0
 223 31 84 0
 -24 418 -199 0
 448 -22 -379 0
 24 -3 56 0
 274 92 413 0
 -330 -302 29 0
 -327 166 -341 0
 -306 -23 418 0
 -224 376 91 0
 87 -330 -414 0
 -442 406 196 0
 -197 -199 -194 0
 -115 -260 457 0
 157 -365 47 0
 6 70 37 0
 99 325 -158 0
 -101 -215 341 0
 201 82 -105 0
 371 267 269 0
 291 454 63 0
 -12 -455 -367 0
 -305 258 -99 0
 -12 -204 121 0
 -348 -10 -320 0
 -213 -220 70 0
 -88 -285 25 0
 -100 42 -233 0
 452 314 339 0
 -375 -373 -283 0
 55 -5 -67 0
 -247 -402 -291 0
 -277 288 -84 0
 -21 -359 66 0
 31 375 482 0
 215 102 -267 0
 -305 211 318 0
 -330 -500 186 0
 -484 397 -207 0
 -17 -108 -315 0
 -273 -110 41 0
 380 -126 -271 0
 -341 488 -66 0
 -219 -225 323 0
 -201 283 -399 0
 -125 94 407 0
 137 -420 -254 0
 313 432 334 0
 372 390 -344 0
 473 27 290 0
 34 268 169 0
 -240 223 458 0
 64 -82 159 0
 -421 302 142 0
 -401 -281 91 0
 -342 -199 -488 0
 -194 -366 -91 0
 -317 -318 -27 0
 77 -7 -221 0
 260 -438 409 0
 -159 226 -419 0
 -426 -410 -31 0
 390 342 -322 0
 52 -423 268 0
 317 338 261 0
 -433 176 -302 0
 -328 459 111 0
 397 204 323 0
 146 367 471 0
 398 393 -118 0
 -497 -314 112 0
 9 -267 -56 0
 -444 431 244 0
 -112 14 -429 0
 -107 -281 -78 0
 -452 496 -83 0
 -44 -194 -89 0
 -172 -389 -375 0
 -359 -181 28 0
 131 362 -442 0
 -112 -155 -114 0
 -157 -33 333 0
 179 -31 -274 0
 370 301 -157 0
 147 -188 357 0
 -499 -476 108 0
 436 158 276 0
 -317 -119 167 0
 202 -236 -117 0
 188 18 257 0
 -197 454 -135 0
 442 -421 -334 0
 175 270 -463 0
 -105 500 -136 0
 173 -391 410 0
 409 239 457 0
 -400 -93 -247 0
 416 -29 26 0
 429 -336 307 0
 -70 -65 123 0
 495 -370 -331 0
 -47 -121 139 0
 -87 -46 317 0
 97 -405 -68 0
 353 24 89 0
 -309 -180 393 0
 495 -491 368 0
 198 220 -402 0
 -263 89 207 0
 370 -416 399 0
 337 -207 -45 0
 -14 237 -293 0
 -470 -133 125 0
 156 151 434 0
 -178 460 -376 0
 -369 -334 12 0
 477 390 -41 0
 -67 171 492 0
 -481 -349 -425 0
 -281 -201 238 0
 -219 55 -346 0
 -475 -257 25 0
 370 469 -355 0
 111 291 -179 0
 -468 -289 75 0
 449 154 246 0
 -17 -440 470 0
 -310 -10 -261 0
 -27 482 424 0
 107 -239 -412 0
 -16 14 29 0
 -3 177 108 0
 -203 97 -334 0
 361 -148 -328 0
 -103 334 426 0
 -336 -223 55 0
 -436 -429 482 0
 188 360 -340 0
 -84 22 -332 0
 -249 47 456 0
 -352 218 -179 0
 296 257 58 0
 -59 -176 477 0
 466 149 432 0
 -421 481 -276 0
 -487 417 -170 0
 425 -408 -470 0
 -493 -123 425 0
 -281 111 -300 0
 -31 -120 140 0
 23 11 -57 0
 -294 15 -214 0
 -494 444 85 0
 470 -425 90 0
 -138 -35 -100 0
 -105 385 -344 0
 93 139 -333 0
 -410 -93 411 0
 -33 16 190 0
 -355 -479 -251 0
 137 173 411 0
 -99 -24 -78 0
 65 482 262 0
 -27 335 334 0
 7 -471 92 0
 56 462 -212 0
 355 -456 303 0
 -109 -216 209 0
 213 40 -245 0
 -396 -161 -330 0
 -418 460 81 0
 73 -138 -346 0
 -95 -274 -247 0
 161 -97 -279 0
 -152 410 -308 0
 -115 225 478 0
 -345 11 62 0
 -461 -202 41 0
 -326 -264 263 0
 324 387 158 0
 333 53 -460 0
 -18 305 -253 0
 -456 436 -304 0
 -171 -442 321 0
 499 -166 -237 0
 339 -371 294 0
 -63 -160 285 0
 320 48 -272 0
 -466 63 -295 0
 -362 -449 366 0
 431 132 86 0
 -7 -224 -298 0
 -279 422 -184 0
 -443 12 -63 0
 52 -130 62 0
 500 113 -188 0
 74 372 -275 0
 284 399 -235 0
 -411 -28 493 0
 -136 419 -431 0
 426 -81 455 0
 139 360 170 0
 28 -307 -145 0
 216 -287 -133 0
 -24 -281 31 0
 -189 73 90 0
 -336 65 300 0
 368 185 97 0
 218 -260 -190 0
 -311 423 135 0
 -288 -474 -68 0
 -150 -452 -55 0
 338 305 43 0
 -482 -293 -321 0
 -425 -396 -59 0
 -9 -371 84 0
 462 -478 183 0
 -250 367 267 0
 26 446 -284 0
 376 -96 80 0
 -43 177 -492 0
 184 101 -51 0
 -437 -64 -409 0
 220 222 -445 0
 -270 154 40 0
 48 27 384 0
 -383 252 -173 0
 408 329 173 0
 436 391 124 0
 -497 89 446 0
 -150 469 254 0
 197 -238 -116 0
 -496 -129 -494 0
 86 -400 -243 0
 74 432 -301 0
 -233 -437 -244 0
 412 282 -344 0
 -317 303 491 0
 407 348 -259 0
 -458 90 -123 0
 283 385 429 0
 -475 495 184 0
 -342 -176 -402 0
 -296 -110 -409 0
 -433 406 409 0
 -353 267 -136 0
 217 447 -288 0
 124 -94 281 0
 46 -349 448 0
 212 -65 263 0
 -410 165 327 0
 202 -299 325 0
 471 113 -19 0
 -172 -374 -463 0
 200 -163 -123 0
 -210 -221 138 0
 -229 242 429 0
 399 311 44 0
 -175 -321 316 0
 -472 -478 -93 0
 -440 -282 64 0
 -335 116 325 0
 -207 -12 500 0
 -346 13 -486 0
 227 456 15 0
 364 179 298 0
 -470 -263 -151 0
 -444 476 19 0
 475 131 325 0
 329 47 -330 0
 -207 -496 140 0
 440 98 432 0
 -153 -228 -290 0
 431 153 -352 0
 -187 251 -118 0
 -435 -67 -71 0
 212 -362 454 0
 -218 158 -351 0
 -221 415 481 0
 58 -229 -164 0
 -141 -177 -372 0
 139 -220 -28 0
 -454 128 -88 0
 74 -340 -252 0
 101 433 1 0
 -128 267 -366 0
 -452 38 475 0
 53 207 -226 0
 414 -464 196 0
 85 -27 -454 0
 197 117 159 0
 -166 -493 -138 0
 433 -166 -478 0
 -367 460 -290 0
 463 -432 -20 0
 -143 65 172 0
 256 204 -484 0
 -386 441 -381 0
 350 -47 209 0
 309 190 -85 0
 -378 200 314 0
 265 263 -71 0
 29 -200 413 0
 -36 414 121 0
 295 282 -20 0
 -43 135 490 0
 -182 -134 385 0
 -201 280 -135 0
 344 313 62 0
 156 -267 237 0
 -256 -168 301 0
 -436 -45 159 0
 27 12 17 0
 474 404 386 0
 -410 427 488 0
 -392 314 -384 0
 119 359 -482 0
 -433 -162 461 0
 -248 438 -304 0
 218 26 -395 0
 -105 201 -128 0
 279 -377 -355 0
 -37 -94 317 0
 -134 -32 40 0
 266 282 331 0
 -260 418 358 0
 346 -366 172 0
 -4 302 170 0
 92 493 379 0
 376 439 481 0
 333 -469 247 0
 -190 3 -216 0
 -129 -133 -343 0
 -232 130 -244 0
 273 -113 25 0
 418 -167 -446 0
 210 -173 264 0
 -366 363 72 0
 236 402 39 0
 371 -127 153 0
 -247 127 394 0
 252 -277 -335 0
 -185 -140 -297 0
 423 207 -169 0
 -156 -410 -64 0
 -50 -9 216 0
 131 407 -23 0
 479 58 -107 0
 -454 219 296 0
 422 186 -473 0
 468 -358 -483 0
 462 317 324 0
 297 -322 7 0
 6 -397 -61 0
 -16 -417 411 0
 359 -497 108 0
 195 70 223 0
 -255 59 400 0
 197 -155 -431 0
 70 -456 281 0
 -228 -205 259 0
 153 -295 -61 0
 -176 388 269 0
 216 322 -324 0
 362 255 -461 0
 476 335 -421 0
 -258 452 -305 0
 225 -302 84 0
 -443 207 221 0
 325 -23 234 0
 111 -49 183 0
 163 331 -201 0
 101 100 277 0
 -258 -71 104 0
 -367 275 -158 0
 -127 85 363 0
 281 -253 435 0
 257 341 25 0
 487 244 363 0
 455 -200 -335 0
 423 -135 207 0
 357 246 -47 0
 295 382 -458 0
 -93 399 136 0
 303 -239 -472 0
 -160 329 6 0
 -452 454 -149 0
 -88 257 -343 0
 401 -287 -338 0
 10 -141 54 0
 111 -288 471 0
 358 274 89 0
 130 -496 330 0
 -110 -312 -165 0
 317 414 -202 0
 407 -141 130 0
 -308 404 166 0
 -282 309 -207 0
 -195 427 406 0
 -317 -446 -112 0
 66 147 240 0
 -435 -476 -228 0
 92 -140 -11 0
 -460 -196 221 0
 378 -381 440 0
 -498 -279 84 0
 193 258 188 0
 151 239 -448 0
 -216 -187 -242 0
 -381 87 63 0
 44 -266 -422 0
 -291 -276 319 0
 -191 113 -219 0
 321 -163 -337 0
 57 -440 63 0
 -51 75 186 0
 -41 -206 -458 0
 149 58 5 0
 -251 495 -314 0
 -17 177 -113 0
 -332 -460 121 0
 45 286 -156 0
 -386 -384 -337 0
 348 85 -478 0
 4 402 -436 0
 -32 320 51 0
 -81 221 -325 0
 279 484 -131 0
 -184 155 425 0
 -120 5 87 0
 -132 -269 -353 0
 261 -128 472 0
 -69 -289 174 0
 243 443 104 0
 214 358 -363 0
 -190 -299 281 0
 466 -459 -400 0
 -341 372 23 0
 -153 155 493 0
 -357 -270 -390 0
 373 -372 46 0
 -376 -310 -479 0
 79 114 -248 0
 373 -445 412 0
 -402 -221 -286 0
 373 -137 377 0
 268 -201 189 0
 -488 -374 225 0
 471 -480 252 0
 141 26 -406 0
 81 159 -253 0
 -450 273 -10 0
 -416 153 189 0
 186 191 489 0
 -97 -180 314 0
 284 16 -475 0
 292 -39 -497 0
 456 -141 480 0
 388 316 117 0
 -401 495 323 0
 -18 -206 -215 0
 -107 -42 -417 0
 -277 -373 -451 0
 4 -184 -66 0
 -338 41 -40 0
 -443 213 51 0
 -369 -312 181 0
 -172 287 -210 0
 55 422 370 0
 -156 475 365 0
 90 490 335 0
 54 -372 -329 0
 -47 205 -387 0
 -348 -427 127 0
 -405 -330 -483 0
 -210 -406 50 0
 306 481 -103 0
 193 -426 282 0
 37 -122 177 0
 9 -227 402 0
 345 -107 471 0
 3 -471 -251 0
 293 -304 405 0
 190 -154 -114 0
 173 251 -382 0
 459 484 274 0
 -212 -475 486 0
 -214 -309 5 0
 -453 -409 -415 0
 -175 -20 498 0
 -242 363 224 0
 418 194 178 0
 -356 224 -295 0
 139 243 14 0
 -157 -263 -273 0
 257 -246 -228 0
 -79 -389 85 0
 -404 242 170 0
 299 284 -130 0
 226 -54 -427 0
 -89 333 414 0
 -140 151 -153 0
 467 -435 -407 0
 -226 -466 -421 0
 42 152 24 0
 -319 -348 147 0
 -296 109 488 0
 -351 -115 -419 0
 -189 441 -452 0
 304 -497 -148 0
 459 191 402 0
 460 232 270 0
 -347 306 191 0
 -470 234 -267 0
 273 317 -304 0
 -458 -360 141 0
 -457 162 419 0
 -143 462 -251 0
 207 -193 454 0
 -447 308 310 0
 -220 440 -100 0
 463 95 118 0
 -47 29 135 0
 458 339 194 0
 2 226 368 0
 481 3 145 0
 -301 472 -116 0
 449 -176 419 0
 -62 -163 -295 0
 -293 -187 235 0
 387 275 -229 0
 -313 389 43 0
 72 -432 -51 0
 413 298 -175 0
 357 -343 -394 0
 263 413 333 0
 131 -190 434 0
 290 374 -90 0
 371 415 469 0
 283 213 278 0
 394 121 51 0
 408 316 137 0
 -396 -124 -246 0
 446 321 -287 0
 31 -316 388 0
 161 394 205 0
 139 -397 75 0
 -215 276 -24 0
 395 139 -25 0
 -116 338 61 0
 315 -106 -475 0
 -249 206 -113 0
 -284 134 458 0
 -80 -115 -275 0
 70 -39 -118 0
 -114 -33 48 0
 47 352 -449 0
 210 -111 409 0
 112 -244 -435 0
 -31 421 -184 0
 -457 20 -305 0
 139 177 -206 0
 321 301 346 0
 -93 465 243 0
 417 -362 246 0
 -491 206 112 0
 365 -28 166 0
 204 290 -292 0
 491 -267 -461 0
 291 433 426 0
 -188 51 -227 0
 402 -220 10 0
 -254 261 -456 0
 -244 -219 -57 0
 208 -443 -90 0
 -426 322 -299 0
 -469 465 333 0
 261 94 20 0
 -323 -269 374 0
 -113 -19 159 0
 22 -212 421 0
 -172 105 240 0
 -441 -174 67 0
 205 -416 -6 0
 398 123 357 0
 116 471 214 0
 61 37 185 0
 -63 248 88 0
 207 -283 229 0
 -454 -3 -85 0
 -338 25 -28 0
 175 -445 256 0
 -134 -397 383 0
 237 6 255 0
 220 327 404 0
 114 429 261 0
 468 275 494 0
 213 -68 -460 0
 419 67 447 0
 239 -44 370 0
 -122 -134 10 0
 173 -242 -199 0
 29 386 321 0
 499 -442 317 0
