p cnf 500 2000 1000 2
6 1 4 5 8 8 1 0 9 7 9 3 8 2 5 9 7 6 4 1 6 7 2 1 6 3 6 0 4 2 6 2 9 3 1 5 2 9 4 7 4 6 2 5 4 7 9 3 4 5 0 3 4 0 4 3 1 9 7 2 9 6 7 1 7 3 9 3 2 5 2 3 9 3 3 6 7 9 0 5 8 1 1 4 1 8 9 6 2 0 9 2 2 6 3 6 5 2 1 8 9 9 9 5 4 2 1 5 9 8 3 6 4 7 6 4 5 2 2 3 4 4 4 8 4 2 2 8 6 4 2 4 2 1 1 4 1 3 9 7 8 8 8 9 0 2 0 2 7 1 1 9 0 9 6 3 5 2 3 6 8 3 2 9 1 4 3 8 5 4 0 3 4 7 6 9 5 3 6 0 1 1 6 9 2 4 6 3 6 7 8 2 9 4 9 7 4 8 4 3 3 4 2 4 6 4 9 1 7 1 8 2 5 7 1 8 6 6 9 5 1 0 2 8 8 5 0 1 5 0 6 7 3 1 5 9 7 1 7 2 6 0 6 6 4 5 0 4 6 6 5 4 4 6 8 4 5 1 6 3 2 1 2 1 4 5 9 3 8 8 9 4 8 2 3 5 2 5 0 3 0 7 9 3 4 6 5 2 8 3 1 3 9 9 4 7 5 3 2 2 2 5 3 4 5 3 4 9 8 3 5 4 5 7 9 0 4 0 8 9 8 8 2 0 4 3 4 5 2 6 4 5 5 7 4 8 3 8 8 7 0 4 4 2 9 1 6 5 2 4 3 9 0 2 3 0 9 6 0 0 3 7 2 4 6 5 2 2 2 1 1 6 1 9 4 7 5 0 4 4 7 7 2 1 7 2 5 0 1 1 4 3 7 4 9 9 5 7 4 2 9 7 2 7 4 2 7 1 2 4 9 6 0 4 5 6 3 4 8 9 3 8 7 2 0 3 9 8 6 2 8 1 5 8 9 8 8 5 5 5 6 2 6 9 8 5 3 0 6 1 8 8 6 4 4 8 3 6 9 9 1 1 4 3 1 6 3 6 8 8 5 1 2 2 8 8 3 8 8 6 3 5 3 8 2 3 9 7 5 6 6 8 2 6 9 0 7 3 7 3 0 3 8 1 2 9 3 0 3 7 1 8 0 6 6 8 0 0 8 1 3 9 1 9 8 9 0 4 9 4 1 7 2 4 7 4 4 8 7 9 5 8 0 8 7 3 1 1 8 1 8 4 9 9 5 9 6 8 0 4 6 7 0 6 3 9 1 6 7 8 5 5 5 0 2 4 2 0 1 3 8 6 9 6 9 9 8 7 6 5 0 1 4 0 7 9 3 8 9 0 9 7 4 5 9 6 8 0 0 6 3 9 3 7 4 4 7 1 9 6 0 0 6 8 3 8 5 9 4 5 0 3 8 5 6 6 1 7 0 1 0 9 3 1 4 5 3 6 5 0 7 6 4 4 2 0 4 1 2 2 3 0 5 7 8 2 2 8 1 9 3 0 4 0 5 9 2 7 2 0 7 8 8 7 9 9 3 2 7 4 3 7 6 6 0 2 2 5 8 9 1 1 0 5 2 2 1 7 5 8 7 5 6 4 2 9 6 5 9 1 3 2 1 7 8 1 6 6 2 2 1 3 0 7 4 5 4 3 7 1 9 6 2 5 8 1 7 1 6 7 4 2 9 9 4 8 2 2 5 4 4 0 6 9 3 2 1 0 2 4 9 0 2 3 8 6 1 1 6 8 4 0 8 0 4 1 6 1 8 2 7 6 5 0 3 1 0 5 6 3 7 1 1 6 7 6 8 5 5 9 0 7 4 1 1 1 1 5 6 4 9 1 4 4 8 5 6 5 9 2 0 1 3 8 2 0 6 5 3 3 8 0 0 7 7 7 1 3 0 6 9 9 4 7 2 0 3 7 2 0 0 2 8 6 9 5 2 2 7 5 6 5 6 0 2 9 4 1 0 7 4 5 4 7 3 8 5 1 9 0 4 5 0 2 4 1 5 9 8 6 0 4 5 9 1 3 6 0 1 3 0 0 3 5 7 6 8 7 3 4 5 6 2 1 6 4 9 0 6 0 4 8 3 7 5 2 4 7 0 6 7 3 5 7 2 6 4 9 0 1 2 1 2 6 6 1 4 2 2 9 4 5 3 6 0 8 7 9 9 1 2 8 4 6 5 2 3 5 0 8 5 6 7 9 1 0 2 8 5 9 5 6 4 0 6 7 8 6 5 3
2 2 5 6 3 4 2 6 8 2 0 3 1 2 5 8 4 4 5 6 6 1 0 3 2 6 4 3 4 5 7 3 7 6 3 2 7 2 8 8 9 8 5 9 8 9 6 4 7 9 4 4 4 3 0 6 9 6 6 4 5 5 2 5 8 6 4 9 3 8 9 9 1 2 3 0 1 5 4 8 8 4 7 7 5 9 1 4 9 1 2 2 0 0 8 5 6 4 6 9 4 4 4 9 7 4 3 5 5 5 6 1 3 0 8 3 0 5 4 1 3 6 2 0 1 7 9 8 5 0 3 5 3 5 7 8 8 5 7 6 0 0 8 9 9 8 2 0 0 8 4 2 1 4 3 7 3 2 2 7 9 9 0 1 6 4 0 1 8 7 8 2 4 6 6 4 0 9 4 0 4 6 8 7 6 4 6 6 1 3 1 4 5 8 2 2 6 8 6 8 1 6 6 4 2 5 0 6 4 7 7 2 0 7 3 9 6 7 4 0 3 0 7 9 9 1 4 0 9 3 7 5 8 1 4 8 0 3 8 9 4 5 1 7 6 7 8 8 2 9 9 3 0 4 5 9 7 9 4 1 9 3 4 3 6 6 8 7 3 4 0 5 6 4 4 5 4 2 5 6 5 7 0 3 3 7 5 9 7 6 2 3 5 9 1 8 4 2 7 9 9 8 8 7 0 5 9 0 3 4 1 9 3 1 9 4 5 1 9 3 7 0 8 3 6 0 5 2 2 1 6 0 8 5 5 4 5 7 3 1 5 6 8 9 4 5 5 4 5 2 4 4 0 6 7 0 4 2 4 0 6 4 2 2 9 6 6 0 9 5 2 9 0 7 5 2 6 7 4 9 3 2 3 9 3 5 3 0 9 2 4 7 9 2 3 0 0 7 4 0 1 7 8 2 2 9 5 8 8 5 4 8 8 6 7 6 9 1 0 0 8 4 6 4 1 4 2 5 3 0 0 6 0 2 8 3 7 3 3 4 4 2 9 8 8 3 7 6 0 0 7 0 3 1 9 1 3 0 8 6 9 9 0 5 4 4 9 0 8 6 0 2 6 1 5 1 5 7 6 0 9 2 7 9 0 7 8 2 6 0 4 8 1 1 2 6 1 0 3 3 6 2 2 7 1 6 3 7 6 3 3 5 4 3 5 3 2 3 0 8 3 5 5 1 3 9 0 8 2 5 7 5 3 5 5 6 7 8 0 9 0 6 0 8 3 8 8 5 3 0 7 5 9 1 6 6 6 1 1 0 6 8 0 4 1 8 7 3 8 7 8 7 8 6 2 4 4 2 8 0 7 3 3 2 5 8 2 5 7 5 5 2 3 6 3 5 4 3 4 2 0 2 4 7 5 5 4 1 1 0 5 6 5 4 6 6 0 9 2 7 2 4 3 6 8 0 2 0 5 9 0 9 2 1 6 3 1 9 1 8 0 2 7 9 1 6 2 3 4 1 3 4 0 2 7 8 6 2 6 2 7 9 4 8 7 4 6 4 0 5 8 7 6 4 7 0 2 6 6 3 6 3 0 5 4 6 5 0 7 4 9 3 8 4 1 2 0 4 4 6 4 7 5 6 2 7 9 4 5 1 1 7 2 2 9 6 8 1 7 3 1 7 0 3 5 1 9 8 6 6 7 2 8 5 9 0 0 9 9 6 3 6 5 5 7 3 5 3 2 6 0 9 6 7 6 5 2 8 7 9 8 4 7 1 4 6 1 6 3 8 9 9 8 8 2 6 8 1 4 0 1 2 6 1 2 1 2 1 4 7 5 2 7 9 5 8 9 7 5 2 0 0 8 5 5 2 2 3 5 2 0 5 9 5 4 5 8 9 5 3 7 5 5 3 4 6 5 8 5 9 8 6 4 9 0 3 9 4 7 7 1 9 9 7 6 3 0 9 1 5 0 3 0 5 1 1 2 9 3 4 4 9 3 3 0 0 9 7 4 9 3 9 3 5 0 5 4 6 9 6 9 0 2 5 1 9 3 4 8 1 6 6 4 1 5 3 2 0 5 7 7 1 3 3 2 1 2 5 9 7 5 2 5 2 6 7 3 1 8 9 4 7 3 9 7 1 0 3 6 8 4 1 3 5 9 3 6 0 9 7 5 1 6 4 1 6 6 9 1 0 0 2 5 9 2 6 3 6 1 0 3 6 3 9 8 8 2 5 6 2 5 6 3 8 3 0 4 9 3 6 3 5 5 9 9 9 6 2 8 6 5 1 1 5 0 7 8 4 5 9
 41 -467 82 0
 -456 -338 -466 0
 -224 340 -454 0
 250 -301 -271 0
 138 -238 -498 0
 -293 218 42 0
 435 -193 -157 0
 459 -436 -411 0
 130 338 -332 0
 -496 120 352 0
 424 175 472 0
 -362 -193 -89 0
 154 286 128 0
 -308 -112 11 0
 204 -443 339 0
 -305 165 -326 0
 230 92 -167 0
 -412 304 -7 0
 -20 223 359 0
 -246 -31 -147 0
 -425 315 168 0
 196 -81 -20 0
 -75 54 -176 0
 165 362 -357 0
 -488 -318 -326 0
 -245 -182 22 0
 -415 -62 183 0
 150 175 198 0
 275 -112 226 0
 -159 -463 -258 0
 220 244 245 0
 -288 -185 42 0
 -155 15 -400 0
 3 457 353 0
 356 -376 127 0
 89 -484 -446 0
 124 139 -322 0
 269 263 -183 0
 77 -347 -462 0
 482 96 420 0
 -376 -354 1 0
 242 -28 -226 0
 298 307 -419 0
 322 194 49 0
 -340 -386 232 0
 -228 -227 -341 0
 -145 -174 -467 0
 338 193 -291 0
 30 -457 164 0
 460 214 227 0
 -4 -447 -252 0
 -70 19 -448 0
 -486 46 -463 0
 340 257 -235 0
 425 -426 -464 0
 27 424 -251 0
 -399 -25 299 0
 -238 -359 -403 0
 92 -107 340 0
 -375 407 -496 0
 121 127 -334 0
 80 416 -164 0
 -87 -436 -122 0
 -129 412 267 0
 -47 -386 18 0
 248 181 96 0
 -363 288 -69 0
 -477 -74 97 0
 408 354 332 0
 264 70 169 0
 22 478 -57 0
 188 -280 -16 0
 -326 473 416 0
 391 -247 -456 0
 245 -433 175 0
 420 230 383 0
 -445 231 464 0
 8 -12 449 0
 -292 79 -301 0
 243 -255 68 0
 -340 -144 253 0
 -499 422 -356 0
 246 -474 380 0
 -356 -416 27 0
 180 -440 147 0
 4 162 -56 0
 388 -291 -19 0
 296 -379 -411 0
 125 -325 488 0
 121 486 -151 0
 -142 288 196 0
 333 -390 19 0
 -322 222 288 0
 165 22 -66 0
 -418 103 187 0
 339 473 -462 0
 127 291 272 0
 467 -9 -482 0
 293 8 411 0
 138 211 398 0
 116 164 21 0
 139 106 27 0
 126 -394 435 0
 -407 4 -162 0
 -191 -481 248 0
 -463 -71 -11 0
 -59 -393 -328 0
 386 -352 96 0
 -108 -57 -218 0
 109 7 106 0
 372 -171 490 0
 267 -173 82 0
 280 -83 130 0
 417 87 153 0
 37 269 -382 0
 268 -128 -184 0
 15 249 -277 0
 -241 12 -158 0
 -116 -460 -496 0
 136 -5 8 0
 193 290 108 0
 385 -496 -194 0
 -111 -196 416 0
 -356 231 -86 0
 279 -164 -230 0
 -122 -80 376 0
 159 256 176 0
 412 180 156 0
 -485 176 494 0
 -215 -484 281 0
 -439 235 163 0
 -110 293 99 0
 431 -10 -470 0
 -278 -273 378 0
 376 422 -341 0
 159 -21 416 0
 -307 -403 -305 0
 -121 -198 60 0
 -24 193 -423 0
 13 246 -148 0
 -280 102 -406 0
 191 -203 -72 0
 -484 -494 472 0
 91 448 194 0
 111 318 -13 0
 -329 358 369 0
 497 -448 309 0
 -185 -269 -400 0
 174 476 -497 0
 -462 157 -254 0
 -344 -259 -290 0
 168 -452 394 0
 317 293 263 0
 -257 2 -191 0
 233 181 451 0
 309 -130 -102 0
 236 313 -243 0
 149 86 400 0
 -243 330 340 0
 -96 117 -492 0
 298 -237 -489 0
 451 51 428 0
 -337 -374 143 0
 295 338 368 0
 73 -292 186 0
 88 -125 -82 0
 -287 454 -474 0
 136 -298 -370 0
 126 23 457 0
 -153 -184 111 0
 139 412 88 0
 -136 345 14 0
 -347 365 -246 0
 -120 -246 -350 0
 62 232 -105 0
 -446 389 74 0
 353 431 -463 0
 362 471 248 0
 378 -227 187 0
 73 -263 -419 0
 475 442 181 0
 44 -255 400 0
 -488 -417 403 0
 382 -60 -407 0
 -175 -309 224 0
 -115 392 98 0
 205 173 29 0
 -470 -172 -181 0
 451 -130 226 0
 480 328 -75 0
 -136 -174 -302 0
 132 311 -21 0
 -55 -7 132 0
 -373 49 -488 0
 340 243 421 0
 -320 -74 -261 0
 35 -374 -46 0
 12 289 -424 0
 153 -253 211 0
 486 -380 64 0
 -412 -127 -341 0
 -363 399 309 0
 339 -389 238 0
 -373 -132 198 0
 448 -298 -446 0
 -97 -295 385 0
 -266 -347 307 0
 -427 -491 289 0
 107 -443 -154 0
 -372 -439 352 0
 64 -232 -17 0
 208 170 442 0
 221 109 16 0
 340 -89 139 0
 -485 368 419 0
 214 -203 -310 0
 -196 70 -495 0
 -316 -404 77 0
 103 91 -257 0
 -457 -411 274 0
 198 -72 -393 0
 109 -335 -170 0
 35 -392 -126 0
 -84 -183 161 0
 94 293 194 0
 -233 -53 267 0
 292 -386 -132 0
 -477 471 -330 0
 -254 -244 370 0
 -263 326 -469 0
 -62 -46 484 0
 -326 434 411 0
 330 -399 -264 0
 483 247 297 0
 152 -102 -500 0
 -148 351 66 0
 55 -319 -61 0
 -339 -51 299 0
 4 65 439 0
 221 97 92 0
 -31 395 199 0
 299 -364 -465 0
 -241 10 97 0
 -160 -494 -288 0
 -476 -347 308 0
 327 -116 -114 0
 -452 456 97 0
 -259 115 -252 0
 132 -462 -256 0
 56 -8 -354 0
 451 72 307 0
 496 467 -165 0
 287 345 -416 0
 6 -332 -120 0
 151 -46 -445 0
 444 -463 -38 0
 211 321 -108 0
 352 273 455 0
 -486 -111 -448 0
 -199 -271 167 0
 283 76 -303 0
 33 10 260 0
 -208 -438 -412 0
 -76 141 430 0
 -9 216 138 0
 -69 257 394 0
 -141 -458 19 0
 169 -391 -267 0
 466 143 177 0
 269 366 492 0
 425 -56 111 0
 2 435 313 0
 301 277 461 0
 175 -498 -386 0
 105 -302 157 0
 -371 -111 350 0
 -75 -409 134 0
 -378 -206 -300 0
 -456 284 247 0
 473 -178 32 0
 -149 326 375 0
 295 -328 489 0
 179 364 -212 0
 -438 160 265 0
 -104 226 -231 0
 68 -79 -83 0
 222 369 266 0
 -291 232 -129 0
 128 -366 214 0
 370 6 -291 0
 -470 117 -87 0
 -70 -106 226 0
 -451 437 -206 0
 -195 214 488 0
 480 -324 -341 0
 120 77 -52 0
 269 -420 133 0
 102 -345 -375 0
 312 31 -213 0
 237 334 -71 0
 93 -457 109 0
 -391 385 -424 0
 229 -105 287 0
 449 -322 474 0
 355 272 -475 0
 115 -10 -322 0
 122 -285 -452 0
 -211 -196 394 0
 -106 -491 440 0
 -40 91 328 0
 -67 -302 -308 0
 415 286 473 0
 80 199 -483 0
 -177 356 176 0
 345 242 -314 0
 470 377 281 0
 323 -65 -158 0
 249 -360 396 0
 46 -404 -22 0
 -339 169 106 0
 118 -417 2 0
 -321 -479 160 0
 -109 300 -253 0
 -417 381 64 0
 -138 239 446 0
 86 -246 496 0
 -329 -394 -35 0
 -182 69 46 0
 -161 -406 85 0
 329 -377 -278 0
 209 351 -33 0
 -174 -299 -385 0
 152 284 -167 0
 -116 -342 245 0
 285 457 76 0
 131 426 248 0
 -127 -298 351 0
 182 -114 -228 0
 434 -163 415 0
 -273 420 -232 0
 278 -419 457 0
 -94 -325 -476 0
 -406 -114 372 0
 41 387 157 0
 -344 105 -457 0
 379 180 -266 0
 468 60 -202 0
 -39 -451 -14 0
 -281 -450 -84 0
 180 -54 -37 0
 74 58 -45 0
 380 340 303 0
 -429 -121 486 0
 11 138 311 0
 -395 80 -375 0
 -236 -496 426 0
 -258 249 -67 0
 84 -297 145 0
 415 458 -242 0
 -42 -485 -239 0
 -486 -256 -454 0
 -68 -452 79 0
 463 158 266 0
 -153 380 -315 0
 -318 174 361 0
 84 162 -342 0
 -351 -128 211 0
 -110 99 230 0
 -236 38 -352 0
 -26 -192 466 0
 -310 281 427 0
 -167 231 -161 0
 231 -177 -109 0
 87 -317 -100 0
 -256 -57 -476 0
 -375 -372 -187 0
 118 -329 -272 0
 -491 -144 -42 0
 382 18 95 0
 -48 -216 306 0
 333 39 -209 0
 392 -48 -24 0
 -397 387 -409 0
 -177 2 -129 0
 280 -307 -185 0
 -91 477 -326 0
 -348 -338 -204 0
 232 -253 193 0
 257 -114 434 0
 407 225 -107 0
 -107 350 269 0
 377 -322 -82 0
 -3 -114 216 0
 -165 106 355 0
 495 311 306 0
 -29 -359 164 0
 -335 64 448 0
 -152 -470 43 0
 -323 -263 44 0
 -64 -375 94 0
 412 319 87 0
 102 39 -270 0
 -305 -112 103 0
 146 -346 -8 0
 479 352 -298 0
 -435 -58 -458 0
 -220 -152 58 0
 -51 -13 243 0
 228 -164 132 0
 244 53 -256 0
 -114 248 -443 0
 -412 347 -91 0
 -382 -320 -171 0
 129 256 282 0
 -389 119 -295 0
 -124 422 205 0
 454 -253 -358 0
 -340 -210 267 0
 359 -22 413 0
 -178 -104 196 0
 283 465 -383 0
 -434 -360 -169 0
 347 209 196 0
 55 -143 145 0
 -467 183 171 0
 -105 -67 -285 0
 19 159 -363 0
 -258 -47 -237 0
 -280 -165 1 0
 -343 -492 273 0
 -324 -146 34 0
 253 343 148 0
 -232 -150 -138 0
 143 -491 242 0
 -442 -217 101 0
 451 341 -139 0
 317 11 366 0
 -247 52 -198 0
 -301 -64 -383 0
 -291 -105 -93 0
 287 488 388 0
 -59 175 334 0
 -43 41 388 0
 -339 -493 125 0
 66 -146 -474 0
 349 493 307 0
 427 455 -19 0
 -216 229 -346 0
 -246 279 341 0
 -489 -257 300 0
 -44 -52 -466 0
 -309 -299 -29 0
 473 134 -35 0
 -337 -392 -236 0
 -66 459 100 0
 423 293 322 0
 -402 238 325 0
 60 87 226 0
 -106 345 363 0
 261 289 -28 0
 -43 -226 38 0
 -316 -20 38 0
 -211 -448 164 0
 96 65 62 0
 472 381 -303 0
 240 150 358 0
 128 -295 -29 0
 -128 -449 310 0
 -336 -89 -132 0
 492 -419 468 0
 -399 -488 112 0
 384 -70 -414 0
 397 338 -473 0
 100 382 -107 0
 -328 -232 446 0
 98 -440 -249 0
 -371 1 -445 0
 108 244 -342 0
 209 278 -203 0
 -5 328 82 0
 -463 -291 -287 0
 32 -372 135 0
 437 260 -28 0
 155 293 172 0
 -163 309 -260 0
 -334 37 299 0
 461 423 -264 0
 190 -240 -78 0
 -258 -392 -431 0
 404 305 165 0
 -446 402 293 0
 421 -430 -300 0
 328 -105 139 0
 -377 231 7 0
 92 -185 -253 0
 -235 -339 19 0
 -171 307 156 0
 -391 -253 -326 0
 -379 327 -87 0
 320 177 -214 0
 -225 408 291 0
 250 -209 -299 0
 -481 135 375 0
 -96 292 -350 0
 -140 65 392 0
 -61 -228 -407 0
 208 334 88 0
 -164 445 -499 0
 166 391 397 0
 -336 87 -30 0
 327 189 2 0
 -119 -13 -400 0
 -301 499 -109 0
 454 -204 486 0
 178 359 -69 0
 -417 -423 -204 0
 -176 69 -64 0
 -375 161 468 0
 229 435 168 0
 385 363 -30 0
 8 20 -495 0
 -298 148 210 0
 283 -166 398 0
 234 -354 173 0
 -7 -171 283 0
 383 -318 288 0
 -22 236 35 0
 265 -396 -54 0
 44 129 478 0
 -481 -148 231 0
 -71 302 151 0
 -184 18 209 0
 52 70 -451 0
 395 232 -240 0
 -131 322 -481 0
 -230 -322 -464 0
 -339 321 -166 0
 92 202 426 0
 -182 -213 -10 0
 -227 169 -333 0
 -262 355 246 0
 286 -152 473 0
 418 392 -294 0
 -51 -69 -241 0
 187 -204 340 0
 -443 266 276 0
 127 189 -473 0
 -393 -211 172 0
 -109 321 -101 0
 -130 447 -254 0
 -291 -432 341 0
 -232 -422 -36 0
 -370 -76 129 0
 -33 -43 -265 0
 -253 -115 309 0
 -404 354 279 0
 -42 38 -458 0
 152 -288 440 0
 247 -397 -446 0
 -198 57 -111 0
 345 -324 -6 0
 -65 460 21 0
 17 -440 152 0
 -101 444 -197 0
 -252 92 277 0
 172 326 115 0
 463 70 -442 0
 -51 -163 494 0
 -68 434 267 0
 460 -22 402 0
 -387 -85 -259 0
 325 315 329 0
 -187 -183 150 0
 337 -171 -266 0
 497 30 218 0
 -428 -101 -35 0
 295 -494 80 0
 234 -42 359 0
 -59 -397 -491 0
 483 -465 191 0
 -1 435 491 0
 492 -220 130 0
 39 221 -123 0
 -260 120 173 0
 -436 -31 44 0
 401 178 215 0
 482 -314 -342 0
 -83 -180 -242 0
 -242 139 -275 0
 166 152 259 0
 -15 -340 495 0
 -151 -374 -65 0
 294 368 474 0
 164 442 195 0
 -49 226 -36 0
 -18 -221 312 0
 484 225 -111 0
 138 -272 124 0
 -2 -463 -278 0
 -351 462 -183 0
 -421 404 475 0
 291 -398 -150 0
 -200 4 -412 0
 -62 342 230 0
 -230 244 -124 0
 2 -377 -290 0
 -117 178 -124 0
 -353 -142 478 0
 133 457 165 0
 422 -168 -22 0
 -100 -373 257 0
 205 151 -32 0
 93 364 144 0
 416 442 477 0
 151 -246 -75 0
 -360 -424 409 0
 96 -481 208 0
 147 171 -325 0
 401 2 -197 0
 409 -286 21 0
 409 100 81 0
 358 -461 -301 0
 -208 209 104 0
 134 92 209 0
 271 291 129 0
 -320 56 259 0
 -245 57 -446 0
 267 -330 249 0
 458 -252 -86 0
 -124 -202 -71 0
 -47 391 -187 0
 176 240 246 0
 118 255 -275 0
 77 -366 -382 0
 -229 393 151 0
 -374 88 139 0
 118 342 -245 0
 -169 -345 115 0
 -156 304 48 0
 80 369 -127 0
 194 464 -170 0
 -99 -414 89 0
 -236 -61 -69 0
 -40 191 443 0
 264 431 328 0
 -445 362 -262 0
 431 39 -332 0
 373 342 346 0
 -401 -425 -226 0
 112 -24 351 0
 -67 58 -11 0
 -54 150 -256 0
 -92 99 385 0
 -366 407 -37 0
 361 -368 84 0
 -476 -463 294 0
 478 -306 -174 0
 471 -446 390 0
 99 319 -298 0
 230 450 -157 0
 -221 141 -176 0
 277 6 361 0
 58 263 102 0
 -165 239 -265 0
 -3 -335 -317 0
 78 -264 442 0
 244 389 -288 0
 464 -210 431 0
 137 -161 427 0
 493 -271 205 0
 413 467 -244 0
 -244 -317 -50 0
 -346 -138 434 0
 -479 142 -446 0
 28 -450 48 0
 -497 -257 472 0
 312 -301 -453 0
 -311 255 -17 0
 -136 256 409 0
 -394 259 499 0
 -347 338 -445 0
 -62 -414 -481 0
 314 -63 93 0
 316 429 284 0
 289 203 112 0
 -123 120 184 0
 203 67 311 0
 201 -343 -402 0
 461 -103 -416 0
 97 308 -142 0
 434 -455 -488 0
 437 -286 -56 0
 498 51 230 0
 421 -103 100 0
 -221 -479 109 0
 211 12 335 0
 246 426 272 0
 491 -371 224 0
 182 187 -117 0
 -181 -438 -357 0
 97 -396 -475 0
 353 -132 267 0
 146 1 131 0
 -275 -32 243 0
 469 -24 114 0
 -284 212 478 0
 259 437 346 0
 -439 -404 67 0
 -371 419 499 0
 -121 362 -306 0
 63 -32 -135 0
 -6 -348 229 0
 -162 53 93 0
 -185 20 -279 0
 -426 -94 -304 0
 406 -476 429 0
 352 -218 284 0
 271 -174 199 0
 147 161 205 0
 -123 -235 481 0
 -409 124 -195 0
 332 294 441 0
 316 208 81 0
 199 382 -264 0
 52 -212 -75 0
 95 175 -419 0
 335 332 376 0
 -99 184 -171 0
 481 -351 343 0
 229 -356 -466 0
 128 -147 -121 0
 446 90 433 0
 479 -21 25 0
 466 -278 -248 0
 -317 -182 444 0
 -115 49 -430 0
 308 118 -32 0
 -210 371 -275 0
 155 -110 -306 0
 144 -408 188 0
 -167 -432 328 0
 -445 251 238 0
 -78 -266 -438 0
 -423 -27 -142 0
 268 -367 -56 0
 -189 -29 148 0
 -416 34 197 0
 114 431 250 0
 9 15 -474 0
 90 352 314 0
 -132 -81 464 0
 282 287 -47 0
 -293 476 -371 0
 90 249 400 0
 -332 -95 469 0
 -240 -31 66 0
 320 -125 -164 0
 94 -2 -58 0
 -428 -3 438 0
 -431 -315 485 0
 366 130 107 0
 -62 -210 268 0
 427 -494 -325 0
 -57 305 -69 0
 195 -248 150 0
 -155 344 275 0
 -208 -145 344 0
 273 -42 354 0
 397 -330 114 0
 352 114 -102 0
 -408 -381 -54 0
 -27 144 232 0
 -14 -60 -116 0
 -285 -338 473 0
 -364 -193 295 0
 497 260 -348 0
 -483 233 493 0
 59 -33 -476 0
 173 208 -180 0
 41 -368 -457 0
 120 -285 -95 0
 394 -138 335 0
 -31 324 -153 0
 -147 -361 96 0
 -111 -173 -193 0
 6 -187 408 0
 -147 259 491 0
 230 -55 -327 0
 -207 -106 193 0
 -114 -313 -155 0
 -15 371 229 0
 14 187 -331 0
 -394 -273 -410 0
 -244 153 -304 0
 -220 -74 82 0
 -90 55 -148 0
 -87 -176 -128 0
 -329 32 -413 0
 -28 -441 -263 0
 -313 18 196 0
 373 -192 406 0
 188 417 105 0
 -110 59 391 0
 21 -145 222 0
 210 206 -184 0
 199 62 436 0
 -135 -215 -311 0
 244 -130 -170 0
 110 -7 -170 0
 -276 142 192 0
 -78 -289 186 0
 9 -495 474 0
 50 306 81 0
 147 486 -398 0
 491 52 165 0
 44 211 88 0
 -232 63 -211 0
 122 -93 -443 0
 230 429 60 0
 -43 -98 330 0
 -483 486 76 0
 -81 -153 423 0
 -163 -437 -150 0
 382 -465 303 0
 392 -321 290 0
 222 -249 390 0
 -465 343 499 0
 316 -105 -85 0
 214 481 188 0
 -482 184 -214 0
 -441 486 -245 0
 -265 394 -409 0
 -484 275 -181 0
 -415 -31 -25 0
 -230 -319 -221 0
 345 -112 204 0
 -278 239 -19 0
 30 269 -4 0
 46 -322 44 0
 -428 172 -457 0
 -85 -113 -83 0
 115 141 7 0
 34 -38 -487 0
 -146 8 484 0
 180 280 -480 0
 420 -200 381 0
 142 -18 453 0
 244 -389 275 0
 -116 87 -156 0
 62 128 290 0
 -158 -313 -172 0
 17 -117 -209 0
 -451 -484 493 0
 304 -31 -422 0
 -123 -54 -334 0
 -360 308 -379 0
 -125 -350 -484 0
 -277 126 42 0
 -418 297 392 0
 269 37 -4 0
 -346 143 499 0
 289 -392 253 0
 19 -412 367 0
 107 -153 -189 0
 236 -52 377 0
 369 -432 -249 0
 -207 245 -109 0
 290 -348 395 0
 -141 -229 222 0
 454 -61 -127 0
 147 -349 156 0
 -169 286 -258 0
 -200 -80 243 0
 -489 82 -409 0
 -346 192 82 0
 305 492 255 0
 306 -280 490 0
 -193 184 131 0
 -437 343 247 0
 276 -176 37 0
 277 128 -485 0
 304 -336 -423 0
 26 139 -175 0
 225 328 116 0
 270 128 273 0
 -275 250 -316 0
 -43 446 358 0
 131 204 -98 0
 35 -130 485 0
 -357 -331 -427 0
 -329 189 385 0
 -457 382 341 0
 138 77 175 0
 -374 65 122 0
 -283 -448 256 0
 -342 408 141 0
 -312 292 200 0
 -309 -41 251 0
 -288 -304 462 0
 -158 271 313 0
 -128 -408 -393 0
 -161 464 85 0
 -82 409 116 0
 -338 -211 427 0
 -477 479 109 0
 213 -230 193 0
 113 200 -265 0
 -85 305 -474 0
 -259 450 141 0
 -396 -340 398 0
 -336 486 -241 0
 -360 -282 245 0
 256 96 -347 0
 -230 175 269 0
 -240 17 -482 0
 430 -412 -328 0
 -81 -490 123 0
 -70 -407 -324 0
 -451 172 326 0
 -403 -482 -182 0
 -38 406 100 0
 -273 227 62 0
 -282 10 163 0
 -32 -270 397 0
 -202 -132 -200 0
 486 49 -360 0
 -251 -90 24 0
 291 -296 -280 0
 208 382 -138 0
 -21 -159 244 0
 -98 4 -408 0
 -493 159 213 0
 -395 371 129 0
 152 18 -296 0
 330 409 230 0
 346 -497 398 0
 -500 196 -182 0
 401 -16 -21 0
 -460 267 476 0
 -70 282 132 0
 217 -333 -448 0
 147 -387 482 0
 257 -303 -60 0
 -86 154 261 0
 369 375 276 0
 -190 47 -88 0
 -463 -96 -51 0
 90 432 338 0
 85 486 -1 0
 -228 234 353 0
 92 -450 287 0
 -144 176 355 0
 100 17 269 0
 -486 89 132 0
 87 70 -289 0
 -196 -462 -423 0
 -117 -481 -63 0
 286 -442 123 0
 231 -109 308 0
 298 275 158 0
 433 159 -397 0
 -479 -225 -424 0
 414 -189 -238 0
 -203 417 380 0
 -200 232 -82 0
 304 221 217 0
 204 -212 -173 0
 -279 -263 -454 0
 387 269 438 0
 445 -316 -32 0
 -200 489 -375 0
 6 -166 -234 0
 478 274 272 0
 12 95 155 0
 192 -171 237 0
 -480 483 -346 0
 452 -272 -201 0
 -190 71 -242 0
 405 113 20 0
 -114 278 230 0
 170 414 -356 0
 448 145 121 0
 210 45 -462 0
 -65 -7 459 0
 379 -382 -219 0
 223 -101 -290 0
 300 28 212 0
 324 -233 -413 0
 -371 46 -411 0
 212 -56 406 0
 191 305 38 0
 125 415 -180 0
 -500 -315 -217 0
 208 133 460 0
 -107 334 389 0
 319 -67 -117 0
 161 126 357 0
 -207 -183 157 0
 -179 188 -403 0
 10 443 -196 0
 -309 -183 172 0
 500 300 -175 0
 -307 -42 -373 0
 267 405 -438 0
 -25 187 303 0
 153 158 -38 0
 233 -210 -21 0
 131 50 24 0
 -205 -267 215 0
 2 425 -274 0
 -445 181 -228 0
 -330 257 -488 0
 401 281 412 0
 -334 -386 -260 0
 -33 -37 68 0
 38 308 147 0
 170 -299 458 0
 374 -330 321 0
 157 257 -232 0
 -131 305 -336 0
 135 339 140 0
 -18 -195 -66 0
 17 -121 -49 0
 -97 298 -115 0
 -200 -278 452 0
 -435 202 -330 0
 184 136 -165 0
 207 -495 458 0
 -5 140 130 0
 233 -176 -208 0
 -254 167 -437 0
 -377 480 132 0
 258 -326 137 0
 -4 465 -386 0
 407 -461 -164 0
 -52 -91 -119 0
 -441 -227 -137 0
 -445 -336 283 0
 -6 194 -270 0
 441 -59 276 0
 241 380 393 0
 201 -265 -268 0
 -482 125 -191 0
 -313 -165 -451 0
 386 -272 398 0
 -397 -79 453 0
 490 485 439 0
 -257 320 337 0
 87 -253 -36 0
 124 -351 412 0
 315 147 77 0
 -179 107 386 0
 466 -108 -117 0
 220 258 -98 0
 -32 123 -108 0
 -312 -406 -353 0
 -3 -50 496 0
 -397 480 390 0
 -287 -283 -161 0
 280 -388 -49 0
 -384 187 326 0
 207 -354 -45 0
 415 -376 110 0
 -160 201 -178 0
 311 204 -487 0
 286 -39 -24 0
 473 -319 231 0
 242 -395 409 0
 -220 320 242 0
 225 -384 -36 0
 47 -96 454 0
 175 276 -267 0
 -488 -275 219 0
 429 -396 66 0
 -103 -62 318 0
 -364 446 -345 0
 383 269 53 0
 47 50 349 0
 -60 457 -428 0
 321 362 446 0
 16 -212 -479 0
 -221 -418 -436 0
 -320 -441 212 0
 164 474 -118 0
 300 101 155 0
 80 -355 484 0
 -34 -73 169 0
 -440 475 18 0
 67 127 -11 0
 358 -59 418 0
 136 213 243 0
 38 -285 -386 0
 357 -400 297 0
 350 310 -73 0
 -38 -52 -138 0
 -274 70 315 0
 310 296 -230 0
 194 422 145 0
 242 -263 -197 0
 98 194 -418 0
 -495 -334 -488 0
 -264 75 160 0
 65 206 319 0
 -336 -63 -177 0
 283 -168 -9 0
 237 159 113 0
 43 239 143 0
 -146 -448 426 0
 -12 -222 489 0
 361 -157 103 0
 -13 -222 223 0
 264 450 270 0
 338 142 452 0
 -282 -315 -66 0
 -332 30 397 0
 -455 348 -4 0
 -188 276 -147 0
 -313 -221 6 0
 -60 -373 285 0
 -196 202 -46 0
 -66 -154 -75 0
 75 397 319 0
 -143 57 -270 0
 421 -265 345 0
 2 492 456 0
 -150 -494 93 0
 -4 9 -267 0
 452 90 45 0
 325 285 36 0
 -95 63 302 0
 338 397 -208 0
 -444 -249 224 0
 -448 -4 -300 0
 118 444 67 0
 66 -158 403 0
 334 239 269 0
 -276 -252 248 0
 24 -330 310 0
 162 -254 -6 0
 444 -134 -434 0
 -45 -163 -267 0
 -123 406 386 0
 58 373 -423 0
 -123 282 -9 0
 228 -168 144 0
 456 471 82 0
 -241 -150 -54 0
 -357 -309 478 0
 2 470 -253 0
 -304 151 -46 0
 375 -22 162 0
 -440 -295 486 0
 171 415 165 0
 183 202 -72 0
 -97 468 156 0
 124 129 231 0
 -264 400 17 0
 -69 287 468 0
 204 -81 373 0
 252 -58 365 0
 469 392 -37 0
 -253 211 34 0
 143 49 -483 0
 285 -472 78 0
 -387 304 -445 0
 266 334 -25 0
 187 450 268 0
 467 247 -171 0
 328 -407 -17 0
 -293 -364 207 0
 -497 352 -456 0
 -399 232 283 0
 344 -316 -385 0
 158 -487 -161 0
 -136 223 369 0
 343 68 347 0
 -412 -358 341 0
 -226 -418 -187 0
 -461 451 236 0
 -248 220 -11 0
 160 -365 -380 0
 304 89 340 0
 -426 447 278 0
 425 -246 -148 0
 -76 296 284 0
 -349 -393 452 0
 -41 116 -394 0
 490 437 -161 0
 -481 -416 -36 0
 429 -153 -468 0
 459 110 237 0
 6 130 26 0
 -66 -56 -171 0
 454 455 481 0
 96 -149 443 0
 -452 60 -262 0
 -110 -53 -394 0
 -247 -274 -38 0
 -241 -79 434 0
 397 302 421 0
 -428 288 225 0
 -329 -90 239 0
 109 -310 -94 0
 -84 49 200 0
 247 -215 204 0
 -448 -91 299 0
 -329 -268 476 0
 110 -59 -132 0
 -38 -204 -128 0
 -4 -190 -16 0
 401 301 -475 0
 -289 321 230 0
 39 158 446 0
 -146 -218 41 0
 213 -352 -356 0
 -239 294 487 0
 67 -221 44 0
 -494 180 -441 0
 -44 243 -441 0
 322 -421 212 0
 483 -296 384 0
 -66 140 -195 0
 121 216 -38 0
 133 -367 13 0
 339 -57 -143 0
 52 -88 -248 0
 234 -225 193 0
 -428 30 -306 0
 182 -342 71 0
 20 -290 -488 0
 483 -144 407 0
 375 -366 155 0
 -257 360 306 0
 18 -13 178 0
 -465 158 -11 0
 -341 -320 -161 0
 -285 -100 -347 0
 349 -188 -496 0
 -500 363 298 0
 294 32 41 0
 -170 457 338 0
 450 83 462 0
 -398 -72 -397 0
 -324 -95 365 0
 110 488 -387 0
 279 165 302 0
 -442 -407 258 0
 258 186 164 0
 390 -413 -262 0
 -309 -148 -315 0
 470 322 -104 0
 25 -140 -247 0
 179 -373 353 0
 -253 -315 -414 0
 37 -330 -55 0
 -25 -498 197 0
 216 210 431 0
 -400 -300 342 0
 256 214 390 0
 -124 -216 -13 0
 -283 -469 -17 0
 -165 247 -288 0
 -179 128 -56 0
 270 185 255 0
 -249 -53 -316 0
 -244 -484 -167 0
 91 -417 367 0
 -170 235 -117 0
 233 -213 266 0
 -152 466 -57 0
 112 -158 292 0
 5 113 -299 0
 111 134 6 0
 -6 50 -440 0
 309 -226 223 0
 18 285 -377 0
 -211 -7 -221 0
 -379 367 408 0
 -267 -230 399 0
 -157 -41 175 0
 149 -173 -230 0
 449 -282 259 0
 -52 -153 -318 0
 344 -414 -363 0
 498 360 181 0
 -322 -146 -17 0
 88 -365 179 0
 -494 72 -88 0
 199 -336 263 0
 223 195 -65 0
 397 47 -451 0
 -356 -243 -21 0
 302 -324 275 0
 -125 215 71 0
 -76 -157 101 0
 -310 243 199 0
 434 186 -140 0
 491 -470 -112 0
 216 307 399 0
 379 -392 -71 0
 -288 43 -341 0
 -51 -485 -209 0
 281 115 400 0
 -357 -237 -273 0
 -317 -487 -385 0
 -399 -105 179 0
 -317 -368 -280 0
 344 -286 -322 0
 -217 195 -52 0
 -237 -273 -240 0
 -98 -395 160 0
 30 324 -304 0
 -365 368 63 0
 302 -124 -63 0
 -365 -347 123 0
 435 -395 -406 0
 174 110 282 0
 -81 376 105 0
 453 115 405 0
 -435 370 388 0
 235 55 -343 0
 36 211 -351 0
 251 -153 337 0
 -3 410 -77 0
 243 346 339 0
 -15 -426 90 0
 126 451 -307 0
 -464 36 -108 0
 285 139 -220 0
 93 57 71 0
 376 247 62 0
 229 487 335 0
 -135 -356 23 0
 -309 -463 311 0
 366 51 -69 0
 -13 397 314 0
 104 -79 -160 0
 365 -18 466 0
 464 -211 -195 0
 -120 225 -304 0
 -159 246 25 0
 -341 91 46 0
 -203 -146 260 0
 207 -303 239 0
 -41 163 124 0
 341 371 -109 0
 -123 39 445 0
 349 -97 432 0
 -20 -321 -360 0
 -397 -350 199 0
 472 228 -191 0
 -38 -111 411 0
 444 335 -104 0
 -43 -261 -308 0
 -112 -115 -178 0
 -488 300 231 0
 -28 -410 -204 0
 196 482 458 0
 299 476 -417 0
 232 44 396 0
 -145 -406 493 0
 -69 -470 -464 0
 -419 144 -174 0
 166 -147 -242 0
 39 435 119 0
 -465 296 -130 0
 456 252 280 0
 -482 -447 -146 0
 468 -333 -103 0
 -201 75 -15 0
 32 -153 95 0
 -187 413 -148 0
 -134 152 -426 0
 219 -290 -284 0
 288 -65 93 0
 150 -409 -432 0
 251 -374 -276 0
 -300 102 413 0
 -50 109 -420 0
 -141 -132 326 0
 347 415 494 0
 414 -329 359 0
 193 203 -458 0
 -194 -221 326 0
 -71 -12 -438 0
 7 -280 383 0
 449 283 -2 0
 -284 -223 -388 0
 -224 -293 405 0
 318 185 376 0
 219 -127 104 0
 73 80 336 0
 152 -263 -324 0
 -274 46 192 0
 342 -248 101 0
 -12 28 -331 0
 147 400 108 0
 -169 372 73 0
 -32 209 374 0
 107 353 -455 0
 125 -164 407 0
 2 88 -192 0
 -64 238 -77 0
 -331 131 -5 0
 -491 481 -122 0
 -257 -270 -266 0
 -88 -123 59 0
 381 183 189 0
 219 98 29 0
 425 485 -445 0
 4 230 250 0
 -103 -3 -245 0
 -433 7 -59 0
 29 14 254 0
 -449 -70 240 0
 -421 319 -328 0
 -441 -202 -249 0
 -62 371 87 0
 -494 476 -255 0
 320 19 389 0
 179 265 275 0
 386 -425 -263 0
 -278 376 476 0
 352 -17 -490 0
 -288 171 162 0
 -435 -427 64 0
 500 -336 -370 0
 226 -354 -197 0
 290 -425 242 0
 30 241 -158 0
 238 118 222 0
 141 251 219 0
 -216 -150 326 0
 464 -401 214 0
 -452 13 -131 0
 429 320 209 0
 -64 432 -467 0
 -81 -288 450 0
 376 -56 21 0
 492 101 185 0
 -172 36 -91 0
 38 -122 -421 0
 74 -358 290 0
 397 58 -265 0
 371 33 4 0
 358 -206 -267 0
 -199 -318 -393 0
 -85 -353 -439 0
 337 -275 -93 0
 253 199 17 0
 189 -79 427 0
 -332 1 289 0
 361 -462 153 0
 400 90 6 0
 -20 94 -24 0
 -81 365 -478 0
 -362 292 3 0
 -387 121 -240 0
 344 25 -414 0
 272 124 361 0
 206 210 472 0
 -161 148 342 0
 -287 -165 171 0
 -44 92 -215 0
 347 -280 -251 0
 391 -451 411 0
 347 -268 -445 0
 -193 284 -41 0
 -156 74 -167 0
 209 -66 -63 0
 216 -61 -97 0
 31 363 323 0
 380 -205 357 0
 43 -316 492 0
 -259 488 206 0
 -488 122 -185 0
 -429 -224 -435 0
 -408 -255 427 0
 -315 -306 -39 0
 380 270 -112 0
 103 -333 -146 0
 489 -126 200 0
 -185 447 18 0
 231 -214 336 0
 492 -100 -88 0
 -162 458 469 0
 -218 -271 95 0
 374 -130 -54 0
 -51 395 459 0
 66 193 -143 0
 206 -343 451 0
 33 -387 474 0
 173 -151 193 0
 129 -273 -222 0
 -7 -162 193 0
 -37 -379 248 0
 -448 -98 392 0
 -279 204 278 0
 -56 259 421 0
 481 -20 249 0
 -103 85 222 0
 -209 -211 -457 0
 139 -284 -69 0
 -82 291 -198 0
 -151 -473 -284 0
 100 -302 431 0
 -290 -394 164 0
 -414 -273 -386 0
 348 -29 477 0
 -481 -404 364 0
 -319 -480 24 0
 213 25 -211 0
 150 -220 -333 0
 -416 9 218 0
 285 -122 492 0
 252 449 21 0
 -214 413 -332 0
 -372 -202 259 0
 -481 -171 -440 0
 483 -73 51 0
 -280 316 -350 0
 -432 127 -363 0
 76 208 158 0
 -232 -486 -117 0
 -4 -43 -243 0
 -495 -354 -213 0
 277 -267 -464 0
 484 -365 -59 0
 -490 -109 -120 0
 106 -327 -55 0
 -202 -45 179 0
 -106 32 -177 0
 59 -484 20 0
 134 441 -219 0
 -371 464 139 0
 458 110 454 0
 -98 -36 -144 0
 56 388 9 0
 123 -469 -400 0
 -220 318 -129 0
 229 -323 362 0
 -151 136 -169 0
 -339 127 395 0
 109 -294 422 0
 429 -323 -167 0
 -33 386 -328 0
 339 233 -356 0
 472 459 -172 0
 435 142 387 0
 -31 -138 -204 0
 -268 -229 261 0
 -69 212 -177 0
 -310 14 -96 0
 -320 -255 -394 0
 244 -305 191 0
 -3 -7 -448 0
 -280 -29 211 0
 178 4 -27 0
 -436 434 379 0
 -321 268 32 0
 -352 233 -13 0
 146 339 90 0
 374 -182 365 0
 -411 -131 412 0
 -85 191 -357 0
 312 54 475 0
 -187 401 169 0
 -114 38 -403 0
 31 -313 -86 0
 71 -252 114 0
 3 -323 367 0
 -327 211 -359 0
 395 -499 323 0
 155 -202 194 0
 360 -408 -353 0
 128 -464 168 0
 367 194 16 0
 329 -452 343 0
 -493 -143 -33 0
 213 73 -244 0
 -416 -250 -390 0
 -431 95 -385 0
 -183 361 -64 0
 -187 -131 -191 0
 -404 37 -313 0
 345 -132 310 0
 421 -127 92 0
 213 -351 -409 0
 16 -438 414 0
 483 280 -359 0
 -498 286 -284 0
 -195 235 17 0
 -475 409 473 0
 133 259 62 0
 319 30 -15 0
 -190 77 60 0
 222 -147 458 0
 -98 -87 -365 0
 81 -388 -56 0
 127 222 29 0
 299 -121 270 0
 87 -61 261 0
 32 174 -346 0
 -358 314 -370 0
 331 47 428 0
 -109 -245 -231 0
 423 -335 -190 0
 -278 283 5 0
 -417 480 369 0
 402 59 487 0
 245 449 4 0
 -165 -113 -31 0
 -83 -216 -137 0
 -19 84 11 0
 370 139 -320 0
 236 -392 -201 0
 -315 -280 325 0
 4 348 -145 0
 -3 495 96 0
 110 477 157 0
 145 -165 -55 0
 -148 -76 121 0
 -500 452 -15 0
 220 -386 236 0
 -114 392 266 0
 -114 422 -42 0
 -348 94 -100 0
 27 -29 -443 0
 -196 447 -143 0
 123 -397 -183 0
 294 241 -104 0
 382 249 -65 0
 488 -99 -470 0
 44 432 152 0
 -5 470 15 0
 -423 15 311 0
 -135 77 416 0
 329 187 -250 0
 95 98 306 0
 -159 -48 455 0
 71 228 -334 0
 36 -29 482 0
 -485 13 373 0
 -379 -26 -467 0
 -109 180 43 0
 -195 440 235 0
 224 -169 296 0
 -478 -379 255 0
 -456 142 48 0
 -154 431 -486 0
 432 103 -302 0
 469 -77 -288 0
 302 -180 117 0
 167 396 464 0
 438 225 188 0
 297 -276 277 0
 -330 327 309 0
 -488 312 -367 0
 401 -192 -420 0
 -66 56 -249 0
 -79 331 115 0
 16 190 27 0
 434 273 -408 0
 421 53 -401 0
 -75 499 356 0
 -293 -267 320 0
 -132 -175 50 0
 -24 214 -345 0
 -398 338 110 0
 74 233 -185 0
 69 -315 244 0
 466 258 49 0
 479 -385 285 0
 180 -468 -62 0
 102 499 -488 0
 358 477 230 0
 -195 81 -308 0
 -244 325 -439 0
 -228 398 245 0
 109 -474 117 0
 -452 379 -471 0
 291 -40 -376 0
 108 132 421 0
 -269 410 -32 0
 425 -303 36 0
 -136 209 251 0
 -406 -376 387 0
 -115 -68 -18 0
 192 414 -157 0
 495 -109 -383 0
 -116 356 -165 0
 310 93 124 0
 -144 424 -456 0
 415 62 321 0
 480 244 258 0
 51 36 -313 0
 86 303 -158 0
 422 430 9 0
 14 218 419 0
 132 479 225 0
 118 -75 451 0
 -83 -77 368 0
 302 371 -216 0
 -326 122 51 0
 -389 -156 -65 0
 -335 -493 -329 0
 316 71 -499 0
 352 -473 -235 0
 228 -226 -285 0
 264 315 -277 0
 353 162 -480 0
 -78 351 93 0
 441 61 399 0
 -91 25 423 0
 50 -104 -179 0
 -385 333 119 0
 -135 147 33 0
 -421 -291 438 0
 -339 -436 190 0
 -467 -109 -480 0
 -453 -158 -178 0
 176 -12 186 0
 242 238 400 0
 437 -61 444 0
 -293 355 149 0
 324 80 -494 0
 -79 -116 -19 0
 -187 -66 406 0
 -421 -384 -102 0
 -463 -229 330 0
 378 311 485 0
 389 139 492 0
 372 -46 -464 0
 159 195 -127 0
 -478 -221 -416 0
 165 124 -151 0
 -255 174 -305 0
 495 -207 -365 0
 303 357 329 0
 227 402 450 0
 164 -211 -33 0
 72 388 380 0
 54 447 418 0
 197 203 -385 0
 -207 92 360 0
 -271 -449 -43 0
 168 14 259 0
 198 -72 -373 0
 206 404 289 0
 3 -84 -408 0
 -350 -107 58 0
 -110 -380 -409 0
 -268 338 201 0
 234 382 -97 0
 220 245 311 0
 -446 442 -468 0
 -499 109 371 0
 240 262 -67 0
 -171 472 -185 0
 -157 -181 -164 0
 -462 354 -79 0
 -333 322 -320 0
 402 50 74 0
 388 116 366 0
 -245 -440 -307 0
 386 -112 121 0
 -326 -268 -448 0
 264 328 -143 0
 -311 -379 37 0
 166 431 -184 0
 157 466 271 0
 339 196 -437 0
 70 285 -165 0
 42 -326 -403 0
 205 381 103 0
 -146 -208 460 0
 109 -145 -497 0
 434 32 384 0
 236 202 177 0
 388 474 -318 0
 141 373 -10 0
 -203 -109 -399 0
 382 -432 -219 0
 -199 -254 -344 0
 -8 -348 -166 0
 -399 466 -170 0
 222 207 -309 0
 -420 374 -394 0
 352 -431 -93 0
 -121 135 -442 0
 -419 -249 70 0
 283 -149 230 0
 340 -345 204 0
 -344 426 -181 0
 -145 260 -460 0
 -226 120 -76 0
 -255 331 -295 0
 166 383 -318 0
 382 347 -350 0
 -148 49 -323 0
 192 -210 205 0
 -90 316 413 0
 -173 -198 150 0
 18 91 217 0
 110 487 391 0
 124 -344 422 0
 -97 -461 -499 0
 464 -355 444 0
 86 205 -92 0
 10 -451 -417 0
 -480 -70 285 0
 400 -404 7 0
 -165 364 -453 0
 -48 1 422 0
 -282 -41 12 0
 -468 -50 137 0
 -179 255 -428 0
 190 -408 433 0
 431 -420 163 0
 96 446 -356 0
 -46 -350 -495 0
 142 -431 -124 0
 -117 -297 307 0
 304 467 292 0
 -65 201 -107 0
 -171 -442 -8 0
 50 174 -59 0
 -35 96 473 0
 147 -319 -342 0
 33 -405 -120 0
 -480 435 -218 0
 -190 -334 262 0
 -498 -104 145 0
 87 23 208 0
 -89 37 163 0
 -153 180 -146 0
 242 362 29 0
 158 481 -471 0
 250 -21 -7 0
 373 -450 253 0
 490 323 -258 0
 156 -382 -488 0
 167 428 29 0
 -413 -229 -176 0
 -238 261 -453 0
 12 121 155 0
 349 -191 -153 0
 485 226 18 0
 -1 -408 104 0
 79 -336 -179 0
 75 392 -360 0
 431 101 233 0
 44 -293 365 0
 253 449 -251 0
 30 93 -150 0
 -7 -13 -429 0
 311 127 440 0
 -310 -415 -394 0
 438 -440 411 0
 -175 127 -408 0
 -305 163 16 0
 -61 -170 30 0
 -190 433 261 0
 -403 238 -330 0
 -317 -199 -219 0
 247 365 423 0
 316 97 133 0
 43 91 478 0
 300 19 247 0
 123 -59 -494 0
 239 109 204 0
 137 146 -243 0
 -395 180 -70 0
 271 -27 455 0
 -21 431 -364 0
 -5 153 44 0
 -326 -420 130 0
 490 120 -227 0
 -415 -140 -97 0
 77 -263 -54 0
 -177 -140 6 0
 -265 495 -177 0
 -321 -108 248 0
 491 -381 41 0
 249 -57 -161 0
 -238 -69 -255 0
 290 458 357 0
 232 -433 404 0
 221 291 -66 0
 279 358 52 0
 386 195 -201 0
 142 -89 -405 0
 -86 343 112 0
 -402 -336 67 0
 79 462 19 0
 102 389 -71 0
 456 -192 361 0
 401 496 -221 0
 42 -436 -328 0
 -290 230 -28 0
 491 204 -3 0
 -184 -100 238 0
 -253 256 227 0
 461 -251 -120 0
 388 459 -85 0
 249 407 -302 0
 462 -470 190 0
 -44 -223 79 0
 -51 -123 422 0
 -234 230 347 0
 326 291 26 0
 299 -227 287 0
 -17 273 117 0
 -303 -285 229 0
 -194 -123 39 0
 -13 -125 159 0
 382 -121 347 0
 -111 -408 482 0
 483 -329 221 0
 -61 362 -209 0
 -254 -24 -149 0
 78 109 211 0
 234 179 332 0
 -81 14 309 0
 -279 246 213 0
 299 334 -29 0
 -52 -270 225 0
 412 389 244 0
 216 242 139 0
 489 265 -201 0
 -175 -35 -106 0
 478 253 368 0
 430 317 86 0
 -191 26 3 0
 -122 -270 364 0
 -275 -184 152 0
 276 404 157 0
 153 303 338 0
 33 105 -365 0
 68 -293 256 0
 -187 -335 299 0
 -494 217 360 0
 240 470 -256 0
 419 185 466 0
 240 -82 -340 0
 149 -89 78 0
 329 -277 -121 0
 -34 -414 -108 0
 489 -271 -30 0
 -217 -15 175 0
 21 -367 -58 0
 -41 -185 385 0
 494 -426 73 0
 -459 441 10 0
 -73 51 80 0
 95 -295 440 0
 130 -85 -486 0
 289 431 267 0
 188 -283 -294 0
 104 31 -214 0
 239 194 -332 0
 -309 412 141 0
 246 478 -57 0
 186 -70 342 0
 -173 82 304 0
 -347 478 -419 0
 -150 263 396 0
 -449 -346 305 0
 146 336 281 0
 -383 -71 -396 0
 -313 39 -388 0
 -102 -217 -9 0
 64 26 181 0
 -17 -218 308 0
 -24 -341 454 0
 -232 380 -376 0
 -274 -98 -7 0
 378 158 -300 0
 357 379 87 0
 170 -241 -301 0
 -40 238 -147 0
 -10 396 41 0
 209 -138 144 0
 241 207 -477 0
 -182 -163 -179 0
 -65 468 -76 0
 370 -93 -447 0
 -26 -165 -385 0
 -408 -39 468 0
 -93 272 464 0
 -247 303 43 0
 -306 226 -393 0
 -11 420 -344 0
 79 -127 -6 0
 -356 157 442 0
 -336 227 -104 0
 329 479 -432 0
 -389 -105 337 0
 243 144 -373 0
 163 376 -233 0
 13 143 57 0
 121 50 -105 0
 -416 -47 -424 0
 266 -433 352 0
 -81 342 -248 0
 -237 -342 -434 0
 -90 171 337 0
 -263 -92 -469 0
 -417 157 5 0
 -339 499 397 0
 -62 203 272 0
 480 -269 444 0
 391 -441 -464 0
 46 137 -71 0
 361 -51 275 0
 231 467 -155 0
 24 -344 -289 0
 -366 -445 173 0
 220 -333 -76 0
 -93 25 184 0
 -103 387 415 0
 107 -33 485 0
 -176 352 320 0
 -201 469 232 0
 304 305 -71 0
 -159 57 259 0
 375 -321 -436 0
 -484 -192 419 0
 -290 15 208 0
 -150 175 -19 0
 359 16 -28 0
 389 -346 98 0
 482 407 387 0
 426 478 4 0
 151 242 459 0
 -384 -466 186 0
 310 -160 -406 0
 226 -211 -108 0
 -431 27 96 0
 395 406 -70 0
 -390 -204 -305 0
 433 -53 103 0
 -91 86 -397 0
 131 -116 -133 0
 460 -107 60 0
 -82 423 435 0
 -210 -465 338 0
 315 -56 -328 0
 48 495 372 0
 -229 187 411 0
 369 -376 370 0
 358 200 61 0
 -222 272 229 0
 -96 393 -143 0
 451 -284 -258 0
 261 -487 -112 0
 16 -339 147 0
 163 442 -29 0
 51 -454 -349 0
 314 354 -472 0
 -153 -322 -279 0
 206 73 15 0
 -349 485 -157 0
 -481 94 -73 0
 82 -470 -444 0
 -58 304 158 0
 -170 247 -269 0
 215 -479 474 0
 -427 295 280 0
 478 459 -271 0
 449 209 -213 0
 -449 292 431 0
 -26 -3 -335 0
 -393 -132 359 0
 331 91 86 0
 -230 492 316 0
 144 -172 428 0
 -286 -495 108 0
 -164 -409 129 0
 -314 -100 234 0
 -186 104 445 0
 -1 -75 312 0
 -110 277 54 0
 -149 -193 488 0
 422 18 214 0
 -490 -488 -79 0
 -397 -136 170 0
 108 42 -452 0
 343 -460 -63 0
 -29 165 -231 0
 142 -366 -313 0
 -145 -134 -291 0
 286 -16 464 0
 278 386 -140 0
 325 -333 4 0
 395 124 56 0
 417 25 -93 0
 -389 -210 34 0
 319 -137 135 0
 -98 356 315 0
 456 183 -449 0
 -276 -385 -88 0
 444 477 125 0
 379 114 -317 0
 -152 -431 -363 0
 138 198 -9 0
 -499 17 -483 0
 -316 -123 97 0
 13 -4 -367 0
 -391 -267 36 0
 -88 132 -469 0
 380 -358 -116 0
 437 137 429 0
 4 -180 -497 0
 -30 50 -461 0
 -371 -309 480 0
 120 66 474 0
 -10 -267 377 0
 -55 496 6 0
 378 -377 362 0
 393 -276 -468 0
 169 328 211 0
 -121 -203 355 0
 90 -117 279 0
 -294 -2 -399 0
 473 352 -349 0
 -479 -307 178 0
 386 486 352 0
 -121 -235 -332 0
 -222 156 61 0
 59 91 -52 0
 78 -389 -202 0
 174 262 -3 0
 132 -76 321 0
 -22 69 119 0
 162 -71 -364 0
 -392 -70 -82 0
 152 210 20 0
 423 255 -41 0
 -255 413 71 0
 -108 497 266 0
 -447 245 -313 0
 313 -414 123 0
 -253 78 229 0
 245 -459 -54 0
 -198 442 66 0
 -333 -13 202 0
 354 -110 450 0
 10 -124 33 0
 -15 261 168 0
 347 -410 486 0
 198 165 160 0
 -268 64 -299 0
 103 468 -231 0
 -121 384 -447 0
 490 401 493 0
 338 17 435 0
 90 328 -53 0
 220 -404 163 0
 177 258 233 0
 -196 -305 361 0
 382 -132 -312 0
 -288 315 45 0
 -466 333 -489 0
 -342 -311 41 0
 429 -478 -371 0
 193 -201 390 0
 -396 269 -239 0
 13 -466 -440 0
 275 -232 -457 0
 -420 341 -127 0
 467 191 19 0
 436 -173 -481 0
 -352 399 59 0
 125 -346 -260 0
 -285 -209 -201 0
 302 -164 437 0
 -179 -161 -306 0
 -290 -232 -117 0
 450 -328 -130 0
 -270 1 136 0
 440 -464 -48 0
 161 -86 -457 0
 160 493 -286 0
 200 43 -113 0
 110 99 427 0
 -291 -460 350 0
 203 -406 -451 0
 418 3 -118 0
 -68 425 -262 0
 -493 330 -61 0
 -331 432 259 0
 -44 -471 -366 0
 -458 126 36 0
 -55 -397 -49 0
 -418 66 -151 0
 111 -272 406 0
 -97 479 -394 0
 227 -129 93 0
 450 -31 221 0
 465 -485 -50 0
 -85 481 -340 0
 -51 10 -244 0
 36 114 89 0
 380 -381 -94 0
 -498 -122 -91 0
 -91 -345 -481 0
 74 388 -380 0
 427 -60 498 0
 221 -235 433 0
 -286 340 94 0
 -40 -477 381 0
 -25 258 428 0
 -169 -119 227 0
 296 432 210 0
 323 449 60 0
 39 236 280 0
 -254 494 -412 0
 443 175 330 0
 129 -210 483 0
 269 331 -17 0
 -356 -234 -387 0
 321 485 -314 0
 -272 53 52 0
 189 -3 -378 0
 -480 -30 -53 0
 141 109 -87 0
 -109 299 225 0
 -264 -170 444 0
 15 -38 135 0
 53 -64 -400 0
 -316 247 -241 0
 248 312 -20 0
 351 -95 -415 0
 370 402 352 0
 106 -51 -84 0
 494 354 104 0
 -126 -59 281 0
 -499 -236 347 0
 309 -59 -71 0
 -397 45 -350 0
 -2 -199 -114 0
 250 222 437 0
 283 -192 351 0
 456 144 95 0
 -382 -465 124 0
 65 275 74 0
 364 312 259 0
 42 358 155 0
 124 -254 -22 0
 63 177 -471 0
 34 173 43 0
 174 -351 -202 0
 -314 41 -411 0
 -248 99 328 0
 -284 -221 64 0
 258 121 -155 0
 -210 64 366 0
 116 49 218 0
 -409 -197 374 0
 -249 -128 -141 0
 -448 122 424 0
 439 228 181 0
 -313 -380 -374 0
 -213 112 -453 0
 -361 -15 500 0
 14 389 -310 0
 288 -432 -21 0
 -35 -373 272 0
 321 -138 482 0
 -116 21 361 0
 479 -165 176 0
 278 339 -115 0
 -295 -392 398 0
 -409 -199 287 0
 325 243 -452 0
 8 225 272 0
 491 168 94 0
 205 -375 -492 0
 -202 -24 206 0
 359 -95 -85 0
 384 158 -377 0
 -46 498 189 0
 -281 -484 -493 0
 12 376 116 0
 24 333 -18 0
 175 228 23 0
 46 -275 -311 0
 53 273 -58 0
 317 -192 481 0
 280 -86 -49 0
 -388 -21 157 0
 -104 80 7 0
 369 500 -317 0
 372 201 413 0
 -171 311 314 0
 287 188 250 0
 294 176 201 0
 363 53 264 0
 -388 44 500 0
 -293 -177 -180 0
 -335 -210 -469 0
 445 -79 -153 0
 222 -166 -184 0
 -466 15 135 0
 -40 391 -79 0
 264 182 281 0
 -64 -22 -418 0
 -435 -451 212 0
 384 262 42 0
 430 -143 271 0
 -127 -165 35 0
 154 -130 172 0
 388 -148 -466 0
 -397 81 335 0
 -260 51 -105 0
 59 -494 317 0
 302 326 68 0
 399 -38 -220 0
 -43 31 210 0
 -437 247 -427 0
 -118 107 271 0
 60 -228 -412 0
 -174 -358 -237 0
 -204 -332 -26 0
 -446 275 -482 0
 105 -427 -294 0
 71 -10 367 0
 -111 201 373 0
 -231 -77 55 0
 -90 -392 -89 0
 245 -33 270 0
 86 -495 305 0
 487 -459 -113 0
 207 -252 232 0
 370 301 -38 0
 346 302 443 0
 -20 -461 108 0
 -217 -294 452 0
 346 232 163 0
 -12 -332 -147 0
 172 259 -184 0
 -431 -100 246 0
 -468 472 490 0
 267 -435 397 0
 201 -299 108 0
 -263 440 396 0
 433 -230 67 0
 478 -171 285 0
 242 375 252 0
 51 -431 -459 0
 -124 -388 317 0
 161 69 31 0
 193 80 461 0
 348 96 472 0
 83 466 -329 0
 498 164 444 0
 -109 405 155 0
 -203 359 -43 0
 411 -165 -74 0
 -405 -103 276 0
 344 -102 267 0
 397 -132 -289 0
 -242 260 -268 0
 187 226 464 0
 15 -198 -120 0
 -380 -70 -288 0
 -329 466 -320 0
 19 -184 341 0
 328 -253 318 0
 -130 85 14 0
 -112 68 -3 0
 396 174 208 0
 467 -228 186 0
 17 106 -146 0
 -274 24 -398 0
 -146 -189 -390 0
 17 469 321 0
 432 -385 472 0
 95 -184 397 0
 374 301 350 0
 317 -250 323 0
 -487 -82 466 0
 130 44 -499 0
 285 239 -279 0
 311 348 -127 0
 -356 -308 -330 0
 41 -286 -63 0
 329 285 -140 0
 240 86 471 0
 -472 -261 422 0
 -205 -413 -91 0
 137 -464 474 0
 -193 239 225 0
 -86 26 105 0
 486 -246 -82 0
 -458 -139 -445 0
 170 309 -343 0
 -428 -84 386 0
 386 -201 465 0
 68 -20 -493 0
 -492 -99 195 0
 471 124 -458 0
 223 20 -387 0
 -60 431 -328 0
 -468 -108 347 0
 -181 -419 -215 0
 -325 -260 302 0
 70 293 -427 0
 424 213 -12 0
 139 326 -116 0
 -287 -260 231 0
 232 -55 456 0
 -207 107 150 0
 -388 -229 329 0
 -313 222 -110 0
 -174 485 453 0
 -393 250 412 0
 344 103 -423 0
 9 -242 -165 0
 469 163 -55 0
 323 -199 423 0
 311 377 -495 0
 -485 -446 478 0
 -271 414 -241 0
 -18 -499 177 0
 -172 -68 -129 0
 -308 -424 13 0
 9 -452 -49 0
 -98 -122 66 0
 -460 -1 430 0
 -273 -116 465 0
 78 -346 -297 0
 68 424 476 0
 -156 -370 -460 0
 -447 473 -455 0
 417 482 -485 0
 -138 241 -473 0
 -323 -428 -234 0
 -472 -90 380 0
 -386 -324 110 0
 -312 -489 -378 0
 160 257 -283 0
 212 -158 411 0
 17 -292 426 0
 -318 -448 -472 0
 -313 286 288 0
 17 59 467 0
 393 -346 -225 0
 -36 -309 115 0
 -286 -227 408 0
 355 -174 172 0
 36 355 -170 0
 23 132 -276 0
 -342 419 -188 0
 -193 71 -183 0
 -197 -461 62 0
 453 -8 -439 0
 426 393 270 0
 -113 -421 295 0
 -376 -61 101 0
 -93 -240 395 0
 321 -4 160 0
 270 156 -184 0
 485 376 301 0
 -320 -351 490 0
 -354 437 240 0
 -283 17 -97 0
 309 -489 196 0
 -316 200 -235 0
 372 -188 -460 0
 439 -420 357 0
 151 172 -69 0
 34 -476 -498 0
 204 177 -242 0
 -71 231 262 0
 -197 11 -36 0
 443 434 423 0
 -219 123 210 0
 163 -90 463 0
 118 112 -314 0
 -384 -59 443 0
 413 467 -243 0
 -412 -364 301 0
 -148 210 451 0
 -432 131 -242 0
 267 -206 263 0
 -323 316 480 0
 237 -240 398 0
 -417 43 -234 0
 -478 -303 -144 0
 49 404 460 0
 156 -465 122 0
 448 232 -25 0
 -238 -232 325 0
 323 -428 329 0
 220 151 326 0
 -452 41 -86 0
 131 211 203 0
 401 2 159 0
 23 370 127 0
 229 -418 -209 0
 99 233 163 0
 -469 326 -42 0
 -202 -151 -425 0
 -475 -54 290 0
 415 -448 -325 0
 -365 -338 -69 0
 189 66 499 0
 -473 23 -237 0
 279 -310 254 0
 425 -163 -406 0
 266 -216 280 0
 -333 365 92 0
 -342 -135 -421 0
 -294 379 306 0
 -206 103 -68 0
 155 -112 326 0
 212 -203 -368 0
 -466 -112 412 0
 -125 255 53 0
 -185 -437 448 0
 -222 -54 -144 0
 431 481 -433 0
 352 155 -394 0
 -373 8 -94 0
 264 248 208 0
 -81 399 496 0
 -183 -328 168 0
 -320 -106 205 0
 -188 -307 -115 0
 211 182 -474 0
 -20 -275 423 0
 456 -300 46 0
 67 327 -256 0
 -184 -169 -52 0
 -14 482 -159 0
 -362 -422 136 0
 -96 97 -330 0
 -500 157 446 0
 33 287 183 0
 42 28 452 0
 121 -186 18 0
 178 -313 414 0
 -264 120 238 0
 372 -261 416 0
 -374 -228 101 0
 229 354 491 0
 420 360 -11 0
 -347 99 121 0
 -17 397 141 0
 -496 -277 479 0
 137 387 -127 0
 -57 -176 -45 0
 -53 -429 -436 0
 -317 100 388 0
 -43 -242 -194 0
 -352 10 178 0
 -312 61 359 0
 76 -52 -99 0
 417 -383 419 0
 -400 188 256 0
 -112 98 -331 0
 60 157 -113 0
 -337 467 131 0
 263 -101 -110 0
 409 -91 -374 0
 -497 339 -112 0
 -88 -63 10 0
 -97 52 253 0
 456 -481 -255 0
 39 -440 268 0
 111 45 -403 0
 317 -12 -335 0
 -402 154 -482 0
 308 22 29 0
 269 275 -476 0
 284 -102 486 0
 106 -424 -329 0
 -9 456 28 0
 -38 -141 270 0
 -11 -242 110 0
 487 -250 132 0
 -307 -370 77 0
 -465 289 406 0
 195 418 27 0
 382 329 -16 0
 259 -190 369 0
 -62 -406 135 0
 55 458 -40 0
 -104 -447 498 0
 390 -74 99 0
 416 345 -273 0
 -181 -186 -383 0
 -496 178 -47 0
 380 -80 -115 0
 253 -232 230 0
 197 458 -12 0
 -58 98 -13 0
 478 -42 -231 0
 -103 421 210 0
 164 -82 -406 0
 -19 356 -83 0
 -360 324 208 0
 308 -11 342 0
 -490 189 -446 0
 -381 -259 -286 0
 451 -465 -473 0
 52 -69 150 0
 -494 353 287 0
 -487 337 355 0
 -41 -300 55 0
 12 -298 -331 0
 -197 5 162 0
 449 -367 222 0
 27 -372 -389 0
 180 -294 440 0
 -215 115 406 0
 249 416 424 0
 -75 -180 282 0
 -54 204 -66 0
 488 -412 85 0
 486 -492 -329 0
 -55 344 297 0
 -239 277 464 0
 408 -19 -284 0
 462 377 -99 0
 -123 210 -430 0
 -344 -51 156 0
 -260 291 -482 0
 484 356 -330 0
 248 142 166 0
 234 357 373 0
 -310 475 -143 0
 195 489 308 0
 234 -388 52 0
 -125 -172 -132 0
 -17 201 136 0
 -366 470 435 0
 225 158 451 0
 490 318 460 0
 -233 343 -450 0
 -383 215 414 0
 -168 331 411 0
 33 -325 -267 0
 22 -8 -114 0
 156 -310 249 0
 -185 429 11 0
 16 166 -487 0
 120 -267 -455 0
 -250 -426 -37 0
 142 405 403 0
 -147 438 371 0
 349 -150 -398 0
 -466 15 -156 0
 -138 451 -1 0
 257 6 -464 0
 -292 -1 103 0
 -191 181 -438 0
 -78 -254 -107 0
 -146 -264 -127 0
 -414 -43 279 0
 459 492 -471 0
 254 256 446 0
 -270 413 -178 0
 -353 -414 -281 0
 148 -291 277 0
 254 441 353 0
 312 -1 -30 0
 252 250 -368 0
 315 -358 -307 0
 -407 -57 118 0
 6 -438 -417 0
 463 -121 229 0
 286 455 135 0
 -106 -252 432 0
 297 462 392 0
 348 263 -449 0
 332 -318 4 0
 187 -474 -85 0
 -125 425 32 0
 201 200 -66 0
 410 85 307 0
 120 -256 250 0
 370 -322 378 0
 -425 214 196 0
 -379 -397 96 0
 36 -39 -140 0
 265 333 -215 0
 -250 -422 -233 0
 -455 285 82 0
 399 490 -489 0
 -38 100 125 0
 303 384 -71 0
 312 244 -237 0
 -330 -22 -450 0
 477 196 347 0
 327 -2 -40 0
 -250 -44 30 0
 43 -168 -351 0
 183 -470 317 0
 454 -154 -183 0
 -32 -59 158 0
 -217 -409 -359 0
 346 150 71 0
 35 -54 -479 0
 -223 328 221 0
 -126 15 -20 0
 111 115 160 0
 204 -341 11 0
 -476 396 -305 0
 181 -446 -313 0
 313 -447 334 0
 -107 105 -492 0
 150 447 -459 0
 471 132 271 0
 385 156 -138 0
 209 297 -271 0
 -240 238 -282 0
 126 21 -500 0
 216 -467 419 0
 -377 -340 337 0
 -224 6 481 0
 378 263 -103 0
 355 -346 -294 0
 -240 -124 357 0
 -8 406 -427 0
 -461 -484 305 0
 203 -24 -336 0
 246 139 -77 0
 305 449 177 0
 -324 -265 472 0
 -4 328 -429 0
 -483 -50 180 0
 120 480 -139 0
 -68 265 226 0
 -5 70 -286 0
 373 -483 -112 0
 189 39 -76 0
 -192 233 -388 0
 -405 -46 -357 0
 -479 66 -43 0
 -140 408 -283 0
 -415 250 -297 0
 316 -489 73 0
 108 79 494 0
 148 415 225 0
 69 -111 -340 0
 88 -140 -59 0
 -21 -100 482 0
 432 392 -139 0
 13 86 120 0
 -118 -115 -304 0
 -448 -321 161 0
 -62 -100 50 0
 -386 275 38 0
 62 -417 335 0
 234 -140 -452 0
 394 -345 108 0
 -339 171 106 0
 34 387 335 0
 -327 364 -310 0
 299 458 -413 0
 -213 404 -499 0
 -227 311 89 0
 -47 -219 -361 0
 243 106 398 0
 -102 -286 167 0
 432 -294 95 0
 42 27 -152 0
 -439 -228 452 0
 -466 40 -17 0
 372 -313 62 0
 -401 74 -336 0
 486 -228 403 0
 211 411 -134 0
 165 285 322 0
 -173 -260 246 0
 424 388 18 0
 176 -42 -127 0
 457 229 3 0
 -388 368 -456 0
 224 -336 47 0
 -116 59 -194 0
 87 497 -135 0
 -331 123 51 0
 -81 343 24 0
 490 331 -248 0
 -267 333 258 0
 410 -302 -98 0
 376 260 362 0
 172 -77 -238 0
 117 -268 -217 0
 -472 -389 216 0
 264 379 -373 0
 -165 -456 191 0
 -10 -443 -367 0
 118 329 219 0
 -435 316 448 0
 -48 -104 -177 0
 -387 -321 -386 0
 -77 -352 386 0
 -154 -317 139 0
 -380 -351 -152 0
 -480 339 -270 0
 395 -7 59 0
 208 -341 -219 0
 316 -351 -395 0
 -186 -424 235 0
 159 -320 107 0
 17 413 313 0
 285 -376 194 0
 456 -7 158 0
 223 -494 -454 0
 162 -266 -177 0
 189 336 -237 0
 -40 420 -220 0
 188 -162 -104 0
 492 -451 319 0
 -221 452 -64 0
 202 32 -239 0
 1 5 -99 0
 396 -153 -499 0
 439 -240 273 0
 454 410 -393 0
 231 -490 439 0
 23 -61 -358 0
 -421 416 459 0
 -2 -291 3 0
 200 -319 -386 0
 295 -8 -76 0
 482 455 -110 0
 -199 27 -153 0
 115 223 323 0
 32 4 484 0
 465 -345 414 0
 275 407 -256 0
 -364 -352 421 0
 -35 -191 -385 0
 -423 123 391 0
 323 -232 269 0
 -476 236 -448 0
 169 299 -474 0
 446 128 456 0
 365 -56 -176 0
 58 -118 36 0
 -324 108 90 0
 -468 -475 -404 0
 -32 327 189 0
 26 427 119 0
 -360 358 420 0
 289 133 394 0
 435 294 -314 0
 -352 311 -92 0
 340 -211 -120 0
 311 188 230 0
 -418 383 121 0
 358 -105 -463 0
 183 58 488 0
 36 448 -198 0
 -173 -483 15 0
 343 481 -397 0
 184 -146 218 0
 -65 -121 308 0
 468 -226 -358 0
 -249 334 -52 0
 -395 -217 115 0
 -60 -193 -42 0
 -344 -254 -276 0
 -244 -471 434 0
 -56 -355 -171 0
 -360 88 -112 0
 448 4 -47 0
 -2 -179 -174 0
 193 408 496 0
 -414 -234 30 0
 -347 218 -392 0
 -336 39 -104 0
 136 -157 186 0
 283 34 -498 0
 69 -120 -454 0
 483 148 -322 0
 -113 -134 -464 0
 -175 196 -193 0
 -217 344 -431 0
 422 -12 96 0
 -381 22 -10 0
 -111 378 -383 0
 -302 337 320 0
 204 -347 -6 0
 186 488 -411 0
 -346 -440 -448 0
 -399 -413 201 0
 -24 -256 -191 0
 197 466 94 0
 212 190 -494 0
 -307 -229 -72 0
 23 75 -443 0
 68 -77 471 0
 2 385 289 0
 -13 492 -108 0
 -482 -408 98 0
 -469 66 -72 0
 436 355 430 0
 -196 408 -189 0
 -198 -210 179 0
 -238 -14 -400 0
 64 -14 -466 0
 -177 100 403 0
 -47 375 -109 0
 -238 489 380 0
 -136 231 303 0
 -194 -313 -189 0
 -161 -229 251 0
 215 -448 409 0
 223 -349 216 0
 180 330 -487 0
 151 362 -137 0
 229 418 305 0
 -468 180 -15 0
 -1 -194 -296 0
 84 417 -414 0
 430 -438 -451 0
 -5 421 -6 0
 -50 -424 -438 0
 59 -407 -225 0
 -443 -489 -451 0
 -18 -166 -195 0
 -66 -186 -490 0
 251 -266 356 0
 -383 342 433 0
 -477 318 68 0
 -57 190 -335 0
 408 -108 242 0
 -9 223 -100 0
 -46 -12 251 0
 147 -476 -136 0
 -95 480 203 0
 -443 325 -197 0
 43 437 -412 0
 -415 254 -391 0
 218 -149 238 0
 -65 -473 -200 0
 426 -128 90 0
 -497 121 359 0
 462 -215 398 0
 241 328 290 0
 446 -264 142 0
 -270 -73 -45 0
 -205 -179 -231 0
 86 37 278 0
 -326 301 29 0
 4 496 437 0
 -275 -368 63 0
 -53 -106 493 0
 -312 -192 83 0
 454 -32 -196 0
 478 -94 300 0
 -369 112 380 0
 79 344 85 0
 -156 129 393 0
 486 -296 463 0
 -197 -244 -396 0
 277 -214 -125 0
 116 -363 33 0
 247 1 390 0
 -487 -64 493 0
 164 -126 -287 0
 398 -1 -295 0
 -115 147 -233 0
 131 -211 124 0
 258 -485 -280 0
 383 -428 150 0
 -476 -458 -238 0
 -378 316 54 0
 383 -320 262 0
 22 127 232 0
 -253 314 390 0
 -105 335 -437 0
 271 325 94 0
 -148 158 -423 0
 -64 358 -316 0
 -300 -192 -332 0
 115 434 338 0
 449 340 -12 0
 391 -158 -271 0
 -413 347 166 0
 321 -262 -233 0
 191 -80 -419 0
 -136 -182 -78 0
 -347 -480 -12 0
 -76 -62 159 0
 -172 -54 -384 0
 -97 472 -192 0
 -187 297 -191 0
 317 -63 -467 0
 481 -407 -258 0
 -302 -93 60 0
 -129 -308 -83 0
 -258 28 343 0
