p cnf 50 120 40 2
6 1 1 8 6 6 2 7 1 2 7 7 3 5 2 0 1 7 6 8 5 8 6 5 8 4 9 3 3 1 6 1 4 2 2 0 2 1 4 5
3 1 9 2 0 5 9 3 4 6 5 2 7 3 4 3 6 3 9 6 4 2 4 6 0 9 7 2 8 8 1 5 3 4 9 6 5 9 8 3
 6 50 44 0
 -39 -49 33 0
 -42 18 -11 0
 25 49 8 0
 -31 -47 13 0
 28 44 -34 0
 37 -47 39 0
 31 -34 -49 0
 -46 22 23 0
 17 12 -44 0
 -9 48 44 0
 31 2 -26 0
 34 -1 -39 0
 47 -50 24 0
 -4 49 28 0
 16 -18 -49 0
 24 9 -31 0
 44 38 7 0
 -7 3 -44 0
 49 -36 45 0
 -25 42 24 0
 -47 -20 21 0
 30 38 27 0
 -43 -9 32 0
 -24 -16 -1 0
 -18 6 -29 0
 31 -26 4 0
 -28 -32 8 0
 46 -7 -43 0
 33 -16 31 0
 3 29 27 0
 29 -40 46 0
 -34 -28 -37 0
 35 44 -1 0
 27 -48 -30 0
 -34 -37 28 0
 -16 -19 25 0
 -19 -23 28 0
 -11 -34 -39 0
 -7 -20 32 0
 -40 -31 43 0
 -24 -50 29 0
 -36 -45 -32 0
 -17 12 -48 0
 46 -47 12 0
 3 11 -49 0
 -47 7 -2 0
 20 28 -37 0
 22 46 -49 0
 -28 -20 23 0
 31 -47 -35 0
 40 -28 -11 0
 -50 47 5 0
 7 6 -9 0
 -47 5 46 0
 9 -42 -16 0
 -49 -33 -3 0
 -17 4 7 0
 -48 3 -43 0
 45 -8 -22 0
 27 -25 -19 0
 45 -21 -33 0
 -2 -33 25 0
 -15 11 12 0
 -9 -38 -40 0
 -14 26 47 0
 36 41 18 0
 -46 -39 -33 0
 12 48 -28 0
 26 29 -30 0
 26 47 -25 0
 19 -20 -40 0
 7 -46 10 0
 -38 -19 43 0
 45 26 -38 0
 2 15 -22 0
 -29 36 48 0
 34 46 19 0
 -33 17 -5 0
 -11 -32 -22 0
 -8 -3 -10 0
 -5 2 -32 0
 -27 -28 33 0
 -10 34 28 0
 20 13 -44 0
 -39 44 31 0
 -31 -39 -12 0
 -23 -43 33 0
 -7 -22 -44 0
 -3 4 -5 0
 29 23 -46 0
 27 -33 25 0
 1 39 -24 0
 49 10 24 0
 9 -10 -13 0
 -19 11 -29 0
 31 -10 25 0
 -21 -8 -45 0
 33 -18 11 0
 -21 37 36 0
 -14 9 -30 0
 -20 1 31 0
 -3 20 4 0
 2 -26 -15 0
 -50 -3 38 0
 1 14 -19 0
 10 -14 -36 0
 31 -5 18 0
 -4 -26 -39 0
 40 22 -42 0
 22 2 32 0
 49 26 6 0
 -26 4 5 0
 8 34 -22 0
 -9 43 13 0
 20 8 15 0
 45 -38 -8 0
 28 -39 -32 0
 -8 -26 -50 0
 37 -6 32 0
 47 -11 -34 0
 -32 -40 -19 0
 32 42 -10 0
 34 12 10 0
 -35 -10 -7 0
 -12 15 18 0
 42 -48 23 0
 -10 28 20 0
 41 -18 48 0
 24 -17 -21 0
 -28 46 -44 0
 -5 -34 -22 0
 -30 -46 1 0
 -32 7 17 0
 -26 47 -36 0
 21 40 33 0
 -43 40 -9 0
 9 -32 -23 0
 -37 38 44 0
 49 48 46 0
 20 -2 -24 0
 36 -13 -35 0
 25 -11 -7 0
 26 -18 -20 0
 -27 22 -34 0
 -20 -38 11 0
 -17 -4 -42 0
 3 -35 46 0
 7 46 -41 0
 28 37 10 0
 -47 2 12 0
 -4 37 -13 0
 13 -17 -1 0
 42 -26 -30 0
 39 -31 26 0
 3 -1 -29 0
 14 -4 -20 0
 -5 -35 7 0
 -35 -47 -39 0
 35 34 -25 0
