p cnf 50 120 40 2
8 2 5 7 7 6 5 1 9 2 1 3 5 7 4 6 0 6 9 7 7 3 7 8 0 7 2 2 7 5 6 1 9 3 8 1 6 0 1 2
7 2 8 0 5 4 6 5 1 7 4 9 1 3 3 9 6 4 0 8 6 5 3 9 2 4 0 5 6 3 3 5 5 0 8 9 5 5 7 2
 -44 30 -29 0
 -32 -48 -13 0
 -41 -15 35 0
 -11 15 -20 0
 11 8 -17 0
 35 42 -32 0
 46 20 2 0
 29 -9 -32 0
 -43 3 27 0
 -43 6 11 0
 -28 18 -46 0
 -33 -4 -37 0
 -2 8 11 0
 -24 -15 29 0
 -41 12 -4 0
 48 16 -43 0
 30 -46 -29 0
 -45 -31 13 0
 9 -44 17 0
 -26 8 36 0
 48 -14 -11 0
 -29 -32 44 0
 -14 23 -46 0
 22 29 -1 0
 37 27 -9 0
 -37 -9 -42 0
 -8 45 18 0
 -40 -50 26 0
 14 -16 37 0
 -4 36 2 0
 -23 15 50 0
 -49 20 -47 0
 -30 48 8 0
 50 47 -18 0
 4 -22 17 0
 33 16 5 0
 37 -25 36 0
 -46 -34 22 0
 -4 31 39 0
 2 -6 -32 0
 -1 -26 47 0
 4 -12 42 0
 -22 -16 -4 0
 -3 -34 27 0
 -19 49 -36 0
 -28 -2 -42 0
 -18 -5 14 0
 32 9 -4 0
 -9 10 19 0
 22 -32 -45 0
 -49 9 20 0
 28 -46 26 0
 -6 -43 -12 0
 -45 -17 28 0
 -31 -48 -15 0
 -35 -49 45 0
 -23 12 -32 0
 -43 26 9 0
 38 28 -9 0
 -6 -43 -33 0
 -9 43 -4 0
 9 44 -4 0
 -36 31 -22 0
 1 32 28 0
 2 17 -22 0
 15 -35 19 0
 30 31 -27 0
 -37 -29 -5 0
 2 -47 -40 0
 8 -10 16 0
 48 45 10 0
 -36 -37 -46 0
 -10 -13 -15 0
 -15 47 -39 0
 -16 46 37 0
 -1 -6 -45 0
 5 47 -34 0
 10 -29 -27 0
 -19 -29 -49 0
 -40 -6 -20 0
 44 12 21 0
 7 5 37 0
 -24 -4 -48 0
 31 46 15 0
 -46 -5 -30 0
 -17 -33 -31 0
 3 -19 -22 0
 -12 14 49 0
 6 32 -27 0
 46 -23 48 0
 -8 -20 -41 0
 -39 21 3 0
 41 -42 -33 0
 -10 -15 3 0
 15 4 7 0
 -43 17 40 0
 -14 11 -48 0
 46 -49 -14 0
 -5 15 -8 0
 39 -28 -3 0
 40 1 -17 0
 -28 -26 30 0
 7 50 4 0
 -13 -32 28 0
 2 26 -37 0
 43 7 -26 0
 38 -35 -28 0
 -36 45 48 0
 -39 -12 40 0
 28 -17 10 0
 37 3 49 0
 -6 -5 32 0
 -44 18 -5 0
 -27 -42 -1 0
 5 -35 -13 0
 48 12 39 0
 7 15 -41 0
 44 -19 14 0
 -3 42 10 0
 -38 43 16 0
 11 -9 35 0
 -33 -27 -15 0
 -3 -10 2 0
 33 37 38 0
 1 41 -36 0
 46 24 6 0
 4 3 -15 0
 -10 -11 -36 0
 -2 -25 -46 0
 -46 -43 -11 0
 -11 -9 22 0
 1 -9 27 0
 -20 -29 -37 0
 -38 13 -4 0
 -34 23 -16 0
 48 40 4 0
 -46 -10 -20 0
 16 40 -3 0
 8 -48 26 0
 -24 -22 18 0
 13 18 7 0
 -44 -20 -30 0
 11 50 -12 0
 49 -28 22 0
 -1 -45 -42 0
 -28 -6 -26 0
 -25 6 -44 0
 9 34 -18 0
 -6 28 -45 0
 -33 15 12 0
 -49 -46 -44 0
 -43 -44 -19 0
 17 21 16 0
 37 -15 28 0
 38 37 -32 0
 -28 -46 -6 0
 -34 12 -7 0
 -45 -11 29 0
 44 -37 29 0
 1 47 17 0
