p cnf 50 120 40 2
8 2 2 1 7 9 5 7 2 1 8 3 3 5 0 0 6 6 5 9 8 8 4 3 3 9 7 7 2 4 2 9 3 3 9 3 3 2 3 6
0 5 3 0 1 2 6 5 1 7 4 5 7 5 8 9 2 7 6 8 0 3 1 5 7 2 2 4 0 4 7 4 6 8 6 4 0 0 5 5
 -23 -40 -49 0
 49 4 9 0
 -31 -11 48 0
 -28 47 35 0
 -43 12 16 0
 -30 45 -20 0
 -8 -3 4 0
 2 -26 31 0
 37 23 -38 0
 37 45 -22 0
 -45 -2 -20 0
 -50 4 -41 0
 22 7 38 0
 -21 22 -9 0
 2 32 14 0
 -7 -33 -10 0
 -13 35 -45 0
 -38 10 -14 0
 -42 40 47 0
 -15 23 -10 0
 -6 23 2 0
 41 40 -27 0
 31 16 -46 0
 48 32 -26 0
 -8 -47 -21 0
 -44 -14 -23 0
 -46 -41 36 0
 -27 38 12 0
 -25 19 18 0
 17 -46 -33 0
 46 8 23 0
 11 -9 12 0
 38 49 -28 0
 -8 -44 -20 0
 44 -31 4 0
 10 16 -15 0
 -28 -45 35 0
 -16 -30 -5 0
 -17 10 15 0
 12 -38 -23 0
 -15 32 -8 0
 33 2 22 0
 18 -46 -14 0
 -14 5 -21 0
 37 19 -25 0
 -46 -39 -1 0
 -26 -42 24 0
 -18 19 -10 0
 25 -10 29 0
 -46 -41 -49 0
 9 -17 32 0
 -25 48 -4 0
 -29 -46 38 0
 17 -20 28 0
 24 27 43 0
 43 -11 1 0
 -37 45 -32 0
 36 -16 48 0
 -24 -18 36 0
 -25 -39 -50 0
 5 6 -16 0
 20 38 -40 0
 -22 -44 45 0
 -4 9 36 0
 -12 38 -34 0
 -33 -20 -37 0
 4 -6 44 0
 -21 -20 22 0
 46 -19 -37 0
 -19 -36 -43 0
 42 -37 -22 0
 -42 -33 45 0
 -17 -5 44 0
 -7 -1 23 0
 -35 20 43 0
 23 44 -1 0
 35 -16 47 0
 34 -13 32 0
 -15 20 -17 0
 38 49 17 0
 -6 30 -33 0
 -24 4 50 0
 8 32 42 0
 -10 -35 -23 0
 -41 26 11 0
 -37 44 36 0
 -16 -15 -13 0
 7 46 36 0
 -49 -46 24 0
 -16 3 -35 0
 -21 -11 -7 0
 -35 32 11 0
 48 -28 -31 0
 16 26 -24 0
 -37 36 -9 0
 34 18 -22 0
 -17 -29 15 0
 -25 -20 19 0
 49 -38 11 0
 -7 -26 -40 0
 -6 -45 -17 0
 26 16 -40 0
 14 37 -36 0
 18 -17 49 0
 -40 -28 11 0
 41 -3 2 0
 6 5 -10 0
 13 -10 33 0
 -11 19 36 0
 -35 8 -20 0
 -5 2 -28 0
 -8 -50 49 0
 -48 -35 43 0
 -13 -23 50 0
 -11 39 33 0
 -36 -14 9 0
 22 -43 -41 0
 13 -26 34 0
 47 -7 10 0
 -37 -45 14 0
 38 49 40 0
 32 -20 -48 0
 -18 8 -23 0
 28 -3 -25 0
 -18 -23 -41 0
 22 36 -50 0
 -48 -40 1 0
 8 14 37 0
 2 -8 7 0
 -41 -33 12 0
 23 47 -32 0
 -21 24 -40 0
 -25 34 -16 0
 27 39 8 0
 12 35 -23 0
 35 -13 -49 0
 33 49 6 0
 -12 34 -36 0
 3 17 23 0
 -21 -3 -15 0
 12 8 48 0
 2 -38 -1 0
 28 -16 8 0
 -41 31 -35 0
 20 -23 26 0
 27 -19 -38 0
 -43 39 18 0
 -17 43 -28 0
 39 -37 -26 0
 6 36 -30 0
 -27 13 47 0
 14 8 -37 0
 -33 -31 50 0
 -29 8 -26 0
 -4 -20 17 0
 3 -19 17 0
 5 -28 -12 0
 -10 -14 -5 0
 19 -2 36 0
 -4 -35 -49 0
