p cnf 50 200 40 2
8 2 5 0 9 8 3 3 2 3 4 6 8 9 8 7 4 0 4 8 3 4 9 1 8 6 0 7 7 5 5 4 8 6 7 8 3 7 7 5
5 0 9 2 3 9 2 7 2 1 3 8 3 0 6 5 7 8 4 0 8 2 0 5 8 7 3 1 4 0 5 3 3 8 0 8 1 0 9 1
 42 -37 -40 50 0
 -29 -2 1 17 0
 -32 20 17 12 0
 -3 18 -2 21 0
 35 -48 44 -23 0
 17 -21 -6 34 0
 4 22 1 46 0
 43 -23 10 -19 0
 -23 -15 -17 -21 0
 13 40 25 39 0
 -32 -33 -3 -22 0
 7 -26 -19 -48 0
 50 -13 32 37 0
 37 45 27 43 0
 -29 -16 -2 40 0
 1 35 8 30 0
 3 -50 -13 -40 0
 16 -29 13 -5 0
 35 -7 34 42 0
 -29 -11 26 21 0
 23 22 50 -9 0
 47 37 -42 14 0
 19 -42 41 -15 0
 16 -19 36 49 0
 -12 -39 18 20 0
 34 23 10 40 0
 21 -17 48 27 0
 -44 -5 -3 -23 0
 -25 3 45 -47 0
 -36 -20 -1 -50 0
 -29 -17 -19 35 0
 30 24 1 -50 0
 -29 34 28 27 0
 47 26 15 3 0
 -36 -9 -18 1 0
 -5 -33 -3 8 0
 3 1 -50 43 0
 14 20 -5 38 0
 24 -37 34 10 0
 13 -50 -45 47 0
 35 36 -44 18 0
 4 15 -31 -5 0
 4 31 35 -6 0
 11 -49 -33 -39 0
 -29 -19 -17 -45 0
 41 47 14 49 0
 26 3 24 -15 0
 25 -8 43 4 0
 -7 -2 -9 11 0
 1 37 -18 22 0
 -1 6 11 2 0
 30 -6 48 -15 0
 27 -24 -14 49 0
 -35 47 -5 -44 0
 46 -34 7 31 0
 -47 12 -42 17 0
 -49 -43 30 -33 0
 -13 -39 11 -31 0
 35 -33 -46 28 0
 43 15 29 -2 0
 45 14 -47 -48 0
 -46 8 -36 -39 0
 -45 -4 9 19 0
 18 28 -48 47 0
 37 -15 44 -2 0
 47 -49 -29 -4 0
 -7 13 -28 47 0
 -10 50 3 6 0
 -50 -45 25 -22 0
 -6 45 -19 -46 0
 -13 47 33 14 0
 26 47 13 16 0
 29 -2 5 23 0
 -3 10 7 -19 0
 -48 -8 -19 -45 0
 -50 -12 20 -36 0
 -21 16 -26 -43 0
 -14 -30 -27 -25 0
 -26 31 6 -5 0
 -23 -13 7 5 0
 -35 -28 49 -10 0
 -30 -3 28 4 0
 -12 -3 25 49 0
 7 -20 40 13 0
 -34 3 -21 -5 0
 -45 -22 -19 -13 0
 23 20 2 44 0
 -48 39 -44 -42 0
 -33 -9 14 -2 0
 -17 6 27 14 0
 -18 48 -41 1 0
 -6 -30 -44 -38 0
 -48 37 34 47 0
 26 27 -30 -4 0
 -50 -40 -17 16 0
 -8 4 -39 -6 0
 31 -45 -32 47 0
 5 -16 -50 28 0
 -14 20 41 -15 0
 -7 9 -11 3 0
 -40 -43 45 -24 0
 -2 -9 11 44 0
 -2 -34 -21 3 0
 -4 49 -5 16 0
 13 5 14 29 0
 -25 -40 30 -6 0
 29 -48 -33 9 0
 48 -5 44 32 0
 -2 49 -48 5 0
 -25 -4 -6 36 0
 -7 27 28 45 0
 -15 3 9 -30 0
 -25 -7 -30 4 0
 26 -32 -5 45 0
 -28 -41 -24 35 0
 -19 48 33 -50 0
 -19 36 48 8 0
 1 34 35 -32 0
 -45 -39 -3 30 0
 -11 3 -49 8 0
 -23 -19 46 26 0
 -48 -11 43 10 0
 44 -21 13 -34 0
 44 30 23 37 0
 -17 -12 9 35 0
 9 36 22 -4 0
 -10 20 -29 32 0
 -29 24 -5 -10 0
 41 7 44 -32 0
 -14 9 50 3 0
 -1 42 -24 3 0
 -17 26 -43 12 0
 -38 -43 -46 -36 0
 43 -40 -21 -25 0
 -45 -46 47 41 0
 31 -41 -37 42 0
 -41 5 28 -22 0
 -5 26 14 -47 0
 7 26 -36 12 0
 27 -7 -29 22 0
 27 -28 -36 25 0
 -10 -14 9 43 0
 40 -46 39 17 0
 44 -23 22 -3 0
 -30 44 7 2 0
 -27 -36 -35 -17 0
 7 14 44 26 0
 35 -15 -8 -6 0
 -27 47 -15 -41 0
 13 -19 8 -41 0
 16 -32 31 30 0
 9 37 24 43 0
 8 -11 -36 -12 0
 31 29 27 18 0
 -42 -24 1 -5 0
 16 -44 8 6 0
 47 31 -4 -41 0
 -38 -21 -33 13 0
 39 24 9 -23 0
 -3 47 32 -39 0
 -3 44 -35 -43 0
 -9 -36 30 7 0
 1 7 2 32 0
 -46 -40 24 20 0
 -29 36 19 -3 0
 -21 -40 37 1 0
 -44 -10 -9 -43 0
 44 -28 -49 34 0
 -37 -18 -35 22 0
 -35 -34 38 -21 0
 -32 -41 13 15 0
 -42 -11 13 -45 0
 1 -9 18 46 0
 38 3 1 22 0
 19 -22 -41 30 0
 -23 18 20 36 0
 31 -45 27 -26 0
 -8 20 -30 47 0
 -29 -7 -21 43 0
 23 33 -14 2 0
 23 11 -10 -45 0
 22 -26 34 3 0
 17 12 -20 -40 0
 48 11 -42 -18 0
 -15 23 30 44 0
 30 40 29 -16 0
 28 10 -50 3 0
 -2 -6 34 28 0
 15 -26 -17 -41 0
 9 50 -40 -34 0
 22 -13 -2 11 0
 -6 -44 -22 -19 0
 5 28 39 -20 0
 28 -42 -29 22 0
 -28 31 15 27 0
 28 -38 -21 -9 0
 -4 -14 16 -23 0
 -6 2 -29 -45 0
 -46 22 25 -48 0
 23 16 -18 -8 0
 -5 -8 -16 13 0
 49 28 8 -3 0
 -32 -28 -10 -22 0
 16 47 -12 -32 0
 -17 42 43 -5 0
 7 -4 -12 -42 0
 28 34 -33 42 0
 -48 -25 12 26 0
 28 -36 6 -32 0
 16 30 -49 -24 0
 -29 25 40 2 0
 -21 50 -26 25 0
 -19 -22 7 4 0
 -16 46 -15 23 0
 -34 20 50 32 0
 4 -38 39 31 0
 11 42 24 -25 0
 -12 2 -5 -20 0
 24 31 -44 -19 0
 -22 -44 43 46 0
 -1 42 47 2 0
 -4 -26 -8 17 0
 -32 -21 -11 41 0
 15 -20 -16 -9 0
 -12 11 -34 -47 0
 -23 25 38 -47 0
 35 12 39 -47 0
 43 -7 4 -49 0
 -16 -14 19 -17 0
 28 23 -39 -35 0
 -21 -49 3 9 0
 34 -25 -41 -11 0
 -25 -28 -45 47 0
 -25 -49 38 -40 0
 -24 32 -20 22 0
 -14 11 -18 10 0
 9 -37 -28 -16 0
 -9 -2 -35 25 0
 -11 -12 -47 -6 0
 25 -8 -46 -3 0
