p cnf 50 200 40 2
9 0 9 4 8 0 3 7 9 9 4 8 7 7 2 0 7 7 4 5 6 8 9 0 8 6 8 4 9 3 8 7 9 1 7 7 2 5 4 4
5 4 7 8 7 0 5 0 8 3 6 7 7 8 4 8 9 0 9 0 2 4 3 3 8 9 4 3 7 1 6 6 2 7 9 2 3 9 6 1
 27 -28 15 -46 0
 39 -18 35 -34 0
 2 31 -26 29 0
 28 -17 14 18 0
 45 1 -30 -33 0
 -28 -10 14 3 0
 19 9 48 -36 0
 8 11 -9 32 0
 -32 17 4 9 0
 11 39 46 -3 0
 -41 26 10 -21 0
 -27 19 -34 36 0
 -23 -22 36 28 0
 12 42 33 -46 0
 -23 41 -20 -46 0
 46 35 38 -3 0
 48 38 -31 23 0
 20 12 5 -18 0
 35 -43 28 -10 0
 -47 50 -11 33 0
 2 21 -15 -28 0
 -31 2 -46 -8 0
 31 23 -30 42 0
 -2 -48 10 26 0
 29 23 10 -46 0
 -39 28 18 -31 0
 -26 16 44 15 0
 -48 20 -34 -12 0
 -46 -32 -39 -45 0
 29 -7 23 -39 0
 -11 -36 5 -13 0
 -47 46 -43 -34 0
 10 -23 37 -25 0
 32 50 31 43 0
 -50 1 17 40 0
 -19 31 15 -23 0
 44 -27 13 -35 0
 -12 -44 -10 -30 0
 5 39 34 -17 0
 -11 -50 48 42 0
 41 35 -12 -38 0
 -48 -28 -25 -37 0
 -19 -6 30 41 0
 -40 34 -47 49 0
 12 31 -29 -27 0
 26 -1 15 -14 0
 -32 -20 -31 -45 0
 18 1 39 -35 0
 26 -32 33 4 0
 -40 47 45 46 0
 -28 -4 -8 -34 0
 45 38 -49 -29 0
 30 -13 -5 -45 0
 -35 -43 23 12 0
 8 -46 9 -28 0
 41 -3 24 20 0
 13 -19 -43 1 0
 -2 -8 -11 -41 0
 -13 -30 10 -18 0
 -26 21 -27 40 0
 -5 -17 -21 -42 0
 26 -4 -29 -15 0
 5 -19 12 -11 0
 -12 -39 30 41 0
 -28 24 -7 -42 0
 -16 -17 13 2 0
 -10 5 -40 29 0
 29 -9 -38 50 0
 -17 -7 -38 -34 0
 21 19 33 32 0
 29 -30 -23 50 0
 -28 -4 42 -48 0
 47 -41 -13 29 0
 -48 31 12 -25 0
 -42 48 -50 1 0
 -33 15 13 18 0
 8 40 -31 -49 0
 -43 48 -44 -36 0
 11 38 47 -34 0
 -16 11 5 40 0
 39 -19 18 -42 0
 -43 42 16 19 0
 15 -41 -22 -3 0
 36 -21 -12 47 0
 -21 -2 7 -45 0
 -46 48 25 -44 0
 -35 -32 48 8 0
 23 50 -3 20 0
 24 -34 3 44 0
 -37 27 -34 10 0
 16 26 40 36 0
 44 28 1 16 0
 30 32 21 37 0
 35 20 36 -11 0
 -28 -26 17 -1 0
 24 23 -6 42 0
 29 8 -20 -9 0
 -38 36 -37 5 0
 2 1 23 4 0
 -38 2 19 -20 0
 -48 -7 43 41 0
 27 33 7 -47 0
 48 -2 46 -16 0
 -19 -26 -22 4 0
 -7 -6 -9 -19 0
 40 -30 17 -7 0
 18 47 -32 8 0
 -26 -23 41 -25 0
 19 -9 33 28 0
 -11 -37 45 16 0
 12 -24 -28 4 0
 23 -12 -42 31 0
 -9 -7 -2 -50 0
 40 -21 -45 -23 0
 45 -32 36 25 0
 -40 41 49 15 0
 -16 -20 36 -4 0
 3 -32 49 7 0
 -48 2 16 -23 0
 8 46 33 -18 0
 31 -21 -23 3 0
 -31 42 38 -6 0
 -15 -18 38 40 0
 26 8 29 38 0
 -38 -7 -47 15 0
 50 -12 8 -25 0
 20 -5 44 41 0
 6 -20 -14 16 0
 -14 -26 48 8 0
 -46 50 -14 28 0
 -14 46 31 48 0
 45 -9 46 -38 0
 48 40 -22 -16 0
 -13 22 -42 11 0
 14 -44 22 -41 0
 -20 42 9 17 0
 -35 11 -1 27 0
 4 47 31 49 0
 26 40 -44 43 0
 45 40 -43 7 0
 3 11 44 -18 0
 -27 -40 -36 -17 0
 21 34 46 49 0
 5 -38 14 -43 0
 40 36 11 15 0
 -12 -8 -7 28 0
 30 19 -36 -15 0
 -42 20 -8 -16 0
 42 -21 -7 -18 0
 7 30 23 42 0
 -34 11 49 -19 0
 20 -50 -40 -8 0
 18 -33 -5 -25 0
 32 -40 47 -41 0
 43 31 -19 -1 0
 -20 9 3 -44 0
 -9 38 -10 36 0
 16 -32 41 -43 0
 41 21 16 30 0
 13 34 16 -19 0
 45 -8 43 3 0
 -47 46 32 23 0
 14 -15 -19 45 0
 -45 -35 14 -5 0
 43 -2 -36 13 0
 -27 -49 26 23 0
 3 13 -25 -4 0
 -8 -49 28 4 0
 18 1 12 -14 0
 39 -3 16 -32 0
 15 25 -6 40 0
 -1 -24 -23 -34 0
 49 -24 36 43 0
 -27 50 49 -4 0
 41 -13 3 -29 0
 43 21 -39 37 0
 2 -10 4 1 0
 10 -4 -19 -11 0
 -40 -27 18 14 0
 18 39 1 -29 0
 29 -36 -6 -21 0
 18 -32 37 -27 0
 -26 -30 50 -3 0
 41 -38 18 15 0
 18 -36 8 -44 0
 -30 -11 -31 22 0
 2 -39 -12 -11 0
 28 24 42 39 0
 45 35 20 17 0
 21 -28 -38 -17 0
 -23 49 -32 -22 0
 -6 9 34 35 0
 8 -45 27 50 0
 -33 28 44 21 0
 15 37 16 -2 0
 -20 -33 30 -10 0
 34 -41 -23 31 0
 44 -1 47 46 0
 -35 36 -10 -39 0
 -7 17 13 -9 0
 -4 -10 -13 16 0
 28 1 15 29 0
 -49 -1 -21 47 0
 -13 -3 2 14 0
 33 29 2 -41 0
 -45 35 22 6 0
 -25 3 2 7 0
 14 -50 18 20 0
 20 -15 46 -9 0
 13 -18 16 21 0
 -19 -3 43 -2 0
 30 -8 29 -7 0
 -5 -18 28 37 0
 -49 -4 12 -47 0
 1 42 39 -16 0
 -19 49 -15 1 0
 -11 41 -32 -7 0
 25 -42 -28 -35 0
 -49 50 -35 -7 0
 11 37 -12 18 0
 36 18 6 -27 0
 -29 -6 31 -44 0
 7 33 36 27 0
 -17 -50 23 16 0
 10 -43 -23 36 0
 -48 18 15 26 0
 17 -45 22 8 0
 5 -19 34 -32 0
 -9 2 22 -14 0
 -14 -43 -7 3 0
 -1 33 -36 27 0
 11 28 -29 -25 0
 3 16 33 -14 0
 -11 18 -27 -40 0
 -5 42 -46 -44 0
 -40 -3 -5 46 0
 -44 -40 -47 50 0
 -47 49 23 28 0
 19 -32 29 30 0
 7 -10 37 -48 0
