p cnf 50 200 40 2
1 8 8 3 6 9 2 0 5 3 5 4 8 9 8 6 3 8 1 3 4 6 0 9 8 6 9 3 7 9 4 0 9 6 2 2 6 8 9 6
9 8 1 3 9 4 3 4 2 7 0 8 3 4 7 5 5 7 5 0 7 7 9 3 0 3 2 8 9 7 0 0 8 6 7 1 1 1 2 5
 41 -6 37 38 0
 -2 -27 -11 -50 0
 50 31 9 23 0
 -5 -17 33 -11 0
 -29 33 13 35 0
 2 -28 -33 4 0
 49 1 -41 33 0
 5 -28 -9 -31 0
 22 6 36 3 0
 -32 41 39 42 0
 -28 -22 -38 -13 0
 21 16 -42 -29 0
 -30 11 -9 18 0
 -15 -5 -48 -42 0
 -27 4 34 8 0
 5 23 40 -42 0
 25 35 -21 -30 0
 -22 -5 2 17 0
 29 -33 -2 40 0
 21 -43 15 11 0
 9 21 -33 -16 0
 45 46 35 29 0
 30 -34 50 1 0
 -41 25 35 22 0
 -5 18 36 4 0
 9 25 -10 7 0
 31 -16 -25 -29 0
 47 40 38 24 0
 -31 37 6 4 0
 -37 -8 47 -39 0
 -7 32 9 -21 0
 -7 -26 5 -41 0
 -4 -28 47 22 0
 43 -17 34 37 0
 -21 50 16 49 0
 -35 49 -50 -23 0
 44 -45 -13 -14 0
 -40 -46 -42 -24 0
 -36 -8 9 -12 0
 7 -2 41 49 0
 -46 -47 4 44 0
 -47 -7 43 -50 0
 -50 42 1 19 0
 -26 -12 -40 47 0
 -36 -24 -13 34 0
 -28 33 24 -27 0
 -32 -14 20 2 0
 3 33 16 -10 0
 -4 14 -1 -40 0
 9 -6 -38 -49 0
 -34 -8 33 -36 0
 -50 11 -13 -17 0
 -24 4 -9 25 0
 42 -44 30 -11 0
 -47 -1 18 -31 0
 -47 -1 45 -3 0
 27 -6 -19 -7 0
 -20 8 29 45 0
 17 -20 -46 -30 0
 -11 35 16 13 0
 -43 36 24 41 0
 2 -24 -21 -23 0
 -16 35 30 -29 0
 35 14 9 32 0
 30 22 34 -24 0
 44 -31 21 4 0
 -8 -12 -10 37 0
 -10 -33 -39 -2 0
 -28 -8 -4 -45 0
 50 45 10 -18 0
 39 16 -37 -23 0
 12 8 30 29 0
 -22 -46 -26 -44 0
 46 47 42 -45 0
 9 -37 -11 -34 0
 17 -13 -48 4 0
 -1 -41 -12 6 0
 38 -31 -44 7 0
 -46 -3 37 -20 0
 -48 22 37 -1 0
 19 5 -13 18 0
 12 41 -5 -47 0
 13 38 36 -8 0
 -16 -42 20 4 0
 -2 14 33 8 0
 20 7 -43 28 0
 23 48 -3 35 0
 24 -40 28 49 0
 -36 -42 13 37 0
 32 -16 -35 31 0
 -35 8 45 42 0
 -47 -12 39 -24 0
 -48 44 43 47 0
 -6 -33 34 21 0
 17 -24 4 -2 0
 -15 1 -37 16 0
 -39 3 -23 -11 0
 36 14 -3 39 0
 8 -16 26 33 0
 39 45 -31 8 0
 37 -33 -20 -28 0
 13 -11 -16 -3 0
 28 26 9 -21 0
 28 -23 -49 11 0
 5 -13 30 -31 0
 -4 43 -10 -32 0
 -5 -35 45 -48 0
 35 -32 -16 -41 0
 27 -19 9 -4 0
 2 -10 39 5 0
 -30 32 11 47 0
 -49 47 3 -12 0
 -44 -20 40 -12 0
 42 27 12 -7 0
 3 -31 20 -46 0
 -6 -46 -41 26 0
 27 -11 6 47 0
 -9 14 41 16 0
 4 -41 -8 44 0
 29 -42 -10 -28 0
 -17 -38 -31 -47 0
 1 -11 -6 17 0
 13 24 29 -39 0
 -7 -5 44 27 0
 12 21 -7 -40 0
 -8 11 -18 43 0
 38 18 3 -49 0
 12 -8 40 -50 0
 -18 16 46 -6 0
 1 15 -13 -26 0
 -14 47 19 -15 0
 7 6 21 8 0
 -3 46 35 -7 0
 -21 25 -28 47 0
 -18 48 41 4 0
 -14 -47 -10 -31 0
 -47 -10 2 42 0
 15 -28 1 17 0
 1 25 -26 -43 0
 13 -26 15 44 0
 -44 -28 -38 4 0
 6 37 -29 -20 0
 20 -1 -48 24 0
 9 43 22 12 0
 36 -2 -10 -41 0
 41 24 43 -33 0
 -14 -32 -16 36 0
 2 -9 28 -26 0
 5 15 -2 23 0
 -50 -26 18 39 0
 -46 -18 -5 2 0
 25 -3 40 43 0
 -46 -26 45 -24 0
 -14 -27 6 2 0
 42 -18 -10 -33 0
 -34 -29 -45 41 0
 -28 26 -25 -7 0
 -9 -33 18 -37 0
 37 -31 35 -21 0
 23 3 -36 26 0
 4 30 14 12 0
 -1 -17 29 -30 0
 -6 -9 42 46 0
 -16 49 10 -13 0
 -37 34 40 -24 0
 -27 -49 40 -42 0
 35 7 49 -12 0
 -1 47 -5 40 0
 -35 6 49 27 0
 -44 -24 35 7 0
 1 -44 -15 -13 0
 -16 -26 -22 8 0
 -13 5 35 -4 0
 41 -6 24 33 0
 -17 11 7 -16 0
 8 43 50 -26 0
 6 -12 -13 -20 0
 -37 -32 -26 -12 0
 49 -3 9 4 0
 -43 35 -12 37 0
 -49 -7 -1 -41 0
 -49 2 -38 -22 0
 18 -45 -36 19 0
 19 30 33 48 0
 49 27 21 -12 0
 -31 -43 -45 44 0
 -1 -41 17 43 0
 -38 48 -37 -47 0
 -50 15 7 36 0
 16 -33 -6 26 0
 -11 48 -43 -2 0
 13 49 -45 44 0
 -45 29 -22 26 0
 13 -26 -5 -16 0
 -4 -14 -9 45 0
 29 -6 -46 -8 0
 -27 8 -41 29 0
 -27 32 39 28 0
 -47 28 42 -48 0
 -25 7 -42 -26 0
 18 -4 -12 -26 0
 37 -2 -7 26 0
 37 -22 50 24 0
 10 -45 6 26 0
 -15 -33 12 48 0
 40 -18 16 30 0
 31 24 -20 36 0
 7 -44 -15 -12 0
 45 1 41 -42 0
 31 -5 -26 38 0
 17 -46 6 16 0
 4 14 2 -23 0
 31 23 -5 1 0
 -34 -32 39 10 0
 39 -46 44 31 0
 -37 -9 -5 16 0
 24 47 -43 12 0
 -47 24 -16 -39 0
 -12 27 -41 24 0
 17 42 -23 33 0
 -39 10 16 -33 0
 23 -18 1 14 0
 24 27 -8 -5 0
 4 -11 45 13 0
 -48 20 8 -18 0
 33 -18 -23 -31 0
 -50 -44 31 -5 0
 -4 -14 35 -42 0
 27 28 22 15 0
 47 -14 20 -12 0
 -37 -12 -42 21 0
 49 -24 28 2 0
 -9 -12 32 4 0
 7 -13 36 -14 0
 -19 23 47 35 0
 13 -40 9 17 0
 18 47 9 -6 0
 -17 42 27 -16 0
 -20 10 15 45 0
 -36 -29 -49 -15 0
