p cnf 5 20 20 2
2 3 3 3 4 7 0 3 6 2 4 3 2 8 8 7 6 4 4 7
3 3 5 0 4 1 9 4 4 7 0 1 3 3 0 4 7 2 7 2
 3 2 -4 0
 -1 -3 5 0
 -3 2 1 0
 -4 -2 1 0
 -5 -4 3 0
 4 -5 2 0
 5 -1 -3 0
 -2 5 3 0
 -4 -2 -1 0
 -5 3 4 0
 -4 3 1 0
 1 4 3 0
 -5 -2 1 0
 -4 2 5 0
 5 -3 2 0
 -4 5 3 0
 3 1 5 0
 1 4 -3 0
 4 -2 -1 0
 4 -2 1 0
 4 3 2 0
 -3 -5 1 0
 5 -2 -3 0
 3 -5 2 0
 -1 5 -2 0
 -3 1 2 0
 -5 3 -1 0
 -3 2 -4 0
 3 5 4 0
 -5 -4 3 0
 3 1 5 0
 3 1 -4 0
 2 3 1 0
 -1 3 -5 0
 3 2 5 0
 -5 3 -4 0
 5 3 4 0
 -5 -3 -4 0
 -1 3 5 0
 -5 4 -1 0
