p cnf 5 20 20 2
8 7 9 9 5 4 4 0 8 1 8 2 0 1 4 8 6 3 1 1
9 9 7 5 3 6 7 3 2 7 5 8 2 9 0 3 4 0 7 9
 3 -2 5 0
 5 -3 1 0
 -2 5 4 0
 2 3 1 0
 1 2 4 0
 -2 -5 -4 0
 -5 1 -3 0
 2 3 4 0
 5 -3 4 0
 -4 5 -1 0
 -3 -2 -4 0
 -4 2 5 0
 -5 -2 -1 0
 5 4 3 0
 -1 -2 -4 0
 1 -3 -2 0
 -3 5 -1 0
 -4 -3 -5 0
 -4 -5 1 0
 -1 -3 -4 0
 1 2 5 0
 -4 1 3 0
 4 -3 5 0
 5 -4 -1 0
 3 1 -4 0
 4 5 2 0
 3 4 5 0
 -5 -4 -1 0
 4 1 -5 0
 4 -3 1 0
 1 3 5 0
 -1 -5 4 0
 2 4 3 0
 -1 4 -3 0
 -1 2 -5 0
 5 -3 -1 0
 2 4 1 0
 4 1 5 0
 -1 -2 5 0
 3 -2 1 0
